2022-06-27 06:16:20.517199+0200 HaradaExperiment[1903:225021] Metal GPU Frame Capture Enabled
2022-06-27 06:16:20.517540+0200 HaradaExperiment[1903:225021] Metal API Validation Enabled
loaded: duck-color from asset catalog
loaded: duck-color from asset catalog


iteration: 0


iteration: 1


iteration: 2


iteration: 3


iteration: 4


iteration: 5


iteration: 6


iteration: 7


iteration: 8


iteration: 9


iteration: 10


iteration: 11


iteration: 12


iteration: 13


iteration: 14


iteration: 15


iteration: 16


iteration: 17


iteration: 18


iteration: 19


iteration: 20


iteration: 21


iteration: 22


iteration: 23


iteration: 24


iteration: 25


iteration: 26


iteration: 27


iteration: 28


iteration: 29


iteration: 30


iteration: 31


iteration: 32


iteration: 33


iteration: 34


iteration: 35


iteration: 36


iteration: 37


iteration: 38


iteration: 39


iteration: 40


iteration: 41


iteration: 42


iteration: 43


iteration: 44


iteration: 45


iteration: 46


iteration: 47


iteration: 48


iteration: 49


iteration: 50


iteration: 51


iteration: 52


iteration: 53


iteration: 54


iteration: 55


iteration: 56


iteration: 57


iteration: 58


iteration: 59


iteration: 60


iteration: 61


iteration: 62


iteration: 63


iteration: 64


iteration: 65


iteration: 66


iteration: 67


iteration: 68


iteration: 69


iteration: 70


iteration: 71


iteration: 72


iteration: 73


iteration: 74


iteration: 75


iteration: 76


iteration: 77


iteration: 78


iteration: 79


iteration: 80


iteration: 81


iteration: 82


iteration: 83


iteration: 84


iteration: 85


iteration: 86


iteration: 87


iteration: 88


iteration: 89


iteration: 90


iteration: 91


iteration: 92


iteration: 93


iteration: 94


iteration: 95


iteration: 96


iteration: 97


iteration: 98


iteration: 99


iteration: 100


iteration: 101


iteration: 102


iteration: 103


iteration: 104


iteration: 105


iteration: 106


iteration: 107


iteration: 108


iteration: 109


iteration: 110


iteration: 111


iteration: 112


iteration: 113


iteration: 114


iteration: 115


iteration: 116


iteration: 117


iteration: 118


iteration: 119


iteration: 120


iteration: 121


iteration: 122


iteration: 123


iteration: 124


iteration: 125


iteration: 126


iteration: 127


iteration: 128


iteration: 129


iteration: 130


iteration: 131


iteration: 132


iteration: 133


iteration: 134


iteration: 135


iteration: 136


iteration: 137


iteration: 138


iteration: 139


iteration: 140


iteration: 141


iteration: 142


iteration: 143


iteration: 144


iteration: 145


iteration: 146
generating sample matrix BEGIN
0	0	0.12101197987794876099
0	6	-0.094439715147018432617
0	11	-0.05818919837474822998
0	12	0.05818919837474822998
0	13	-0.019402395933866500854
0	14	0.019402395933866500854
0	15	-0.038786798715591430664
0	16	0.038786798715591430664
0	47	0.042114768177270889282
0	48	-0.042114768177270889282
0	49	0.022166926413774490356
0	50	-0.022166926413774490356
0	51	0.019947834312915802002
0	52	-0.019947834312915802002
1	1	0.26041010022163391113
1	2	0.18364118039608001709
1	3	0.047135423868894577026
1	17	-0.17276021838188171387
1	18	0.17276021838188171387
1	19	0.0094346031546592712402
1	20	-0.0094346031546592712402
1	21	-0.18219482898712158203
1	22	0.18219482898712158203
1	23	-0.16464979946613311768
1	24	0.16464979946613311768
1	25	0.013382680714130401611
1	26	-0.013382680714130401611
1	27	-0.17803248763084411621
1	28	0.17803248763084411621
1	29	0.057174481451511383057
1	30	-0.057174481451511383057
1	31	-0.25543433427810668945
1	32	0.25543433427810668945
1	33	0.31260880827903747559
1	34	-0.31260880827903747559
2	1	0.18364118039608001709
2	2	0.22205311059951782227
2	3	0.060821209102869033813
2	17	-0.14154848456382751465
2	18	0.14154848456382751465
2	19	-0.11338879913091659546
2	20	0.11338879913091659546
2	21	-0.028159689158201217651
2	22	0.028159689158201217651
2	23	-0.14110150933265686035
2	24	0.14110150933265686035
2	25	-0.11315800249576568604
2	26	0.11315800249576568604
2	27	-0.027943499386310577393
2	28	0.027943499386310577393
2	29	-0.016461631283164024353
2	30	0.016461631283164024353
2	31	-0.22908258438110351562
2	32	0.22908258438110351562
2	33	0.21262097358703613281
2	34	-0.21262097358703613281
3	1	0.047135423868894577026
3	2	0.060821209102869033813
3	3	0.32397201657295227051
3	4	0.0097505981102585792542
3	5	-0.013055880554020404816
3	17	0.050899483263492584229
3	18	-0.050899483263492584229
3	19	0.08902444690465927124
3	20	-0.08902444690465927124
3	21	-0.038124956190586090088
3	22	0.038124956190586090088
3	23	-0.0063959509134292602539
3	24	0.0063959509134292602539
3	25	0.060945075005292892456
3	26	-0.060945075005292892456
3	27	-0.067341022193431854248
3	28	0.067341022193431854248
3	29	-0.14992862939834594727
3	30	0.14992862939834594727
3	31	-0.077921546995639801025
3	32	0.077921546995639801025
3	33	-0.07200708240270614624
3	34	0.07200708240270614624
3	35	-0.046737395226955413818
3	36	0.046737395226955413818
3	37	-0.041469253599643707275
3	38	0.041469253599643707275
3	39	-0.0052681472152471542358
3	40	0.0052681472152471542358
3	41	-0.066272467374801635742
3	42	0.066272467374801635742
3	43	-0.04392884671688079834
3	44	0.04392884671688079834
3	45	-0.022343628108501434326
3	46	0.022343628108501434326
4	3	0.0097505981102585792542
4	4	0.13953377306461334229
4	5	0.13854365050792694092
4	29	0.020446799695491790771
4	30	-0.020446799695491790771
4	31	0.14579792320728302002
4	32	-0.14579792320728302002
4	33	-0.12535111606121063232
4	34	0.12535111606121063232
4	35	0.056854940950870513916
4	36	-0.056854940950870513916
4	37	-0.018029196187853813171
4	38	0.018029196187853813171
4	39	0.074884139001369476318
4	40	-0.074884139001369476318
4	41	0.051108162850141525269
4	42	-0.051108162850141525269
4	43	-0.017452748492360115051
4	44	0.017452748492360115051
4	45	0.068560913205146789551
4	46	-0.068560913205146789551
5	3	-0.013055880554020404816
5	4	0.13854365050792694092
5	5	0.22574742138385772705
5	29	0.017954792827367782593
5	30	-0.017954792827367782593
5	31	0.063798740506172180176
5	32	-0.063798740506172180176
5	33	-0.045843951404094696045
5	34	0.045843951404094696045
5	35	-0.009931630454957485199
5	36	0.009931630454957485199
5	37	-0.158723488450050354
5	38	0.158723488450050354
5	39	0.14879184961318969727
5	40	-0.14879184961318969727
5	41	-0.023271344602108001709
5	42	0.023271344602108001709
5	43	-0.15273010730743408203
5	44	0.15273010730743408203
5	45	0.12945878505706787109
5	46	-0.12945878505706787109
6	0	-0.094439715147018432617
6	6	0.25344631075859069824
6	7	-0.1279030144214630127
6	8	-0.044387035071849822998
6	9	-0.092550344765186309814
6	10	-0.095353111624717712402
6	11	0.0038128420710563659668
6	12	-0.0038128420710563659668
6	13	-0.082620531320571899414
6	14	0.082620531320571899414
6	15	0.086433373391628265381
6	16	-0.086433373391628265381
6	47	-0.062531642615795135498
6	48	0.062531642615795135498
6	49	0.078847095370292663574
6	50	-0.078847095370292663574
6	51	-0.14137873053550720215
6	52	0.14137873053550720215
6	53	0.04441208764910697937
6	54	-0.04441208764910697937
6	55	0.068104721605777740479
6	56	-0.068104721605777740479
6	57	-0.023692658171057701111
6	58	0.023692658171057701111
6	59	0.066183224320411682129
6	60	-0.066183224320411682129
6	61	0.057508990168571472168
6	62	-0.057508990168571472168
6	63	0.0086742360144853591919
6	64	-0.0086742360144853591919
6	65	0.015869108960032463074
6	66	-0.015869108960032463074
6	67	0.067205481231212615967
6	68	-0.067205481231212615967
6	69	-0.051336377859115600586
6	70	0.051336377859115600586
6	71	0.011980891227722167969
6	72	-0.011980891227722167969
6	73	0.035084091126918792725
6	74	-0.035084091126918792725
6	75	-0.023103198036551475525
6	76	0.023103198036551475525
7	6	-0.1279030144214630127
7	7	0.42164641618728637695
7	8	0.11344075947999954224
7	9	0.30908086895942687988
7	10	0.29499924182891845703
7	47	0.12310540676116943359
7	48	-0.12310540676116943359
7	49	-0.089107140898704528809
7	50	0.089107140898704528809
7	51	0.21221253275871276855
7	52	-0.21221253275871276855
7	53	-0.15969537198543548584
7	54	0.15969537198543548584
7	55	-0.24161905050277709961
7	56	0.24161905050277709961
7	57	0.081923708319664001465
7	58	-0.081923708319664001465
7	59	-0.21517428755760192871
7	60	0.21517428755760192871
7	61	-0.22913265228271484375
7	62	0.22913265228271484375
7	63	0.013958364725112915039
7	64	-0.013958364725112915039
7	65	-0.021810438483953475952
7	66	0.021810438483953475952
7	67	-0.21309189498424530029
7	68	0.21309189498424530029
7	69	0.19128148257732391357
7	70	-0.19128148257732391357
7	71	-0.058163605630397796631
7	72	0.058163605630397796631
7	73	-0.15749248862266540527
7	74	0.15749248862266540527
7	75	0.099328868091106414795
7	76	-0.099328868091106414795
8	6	-0.044387035071849822998
8	7	0.11344075947999954224
8	8	0.57633632421493530273
8	9	0.41093108057975769043
8	10	0.21018749475479125977
8	47	0.12155763804912567139
8	48	-0.12155763804912567139
8	49	0.28115352988243103027
8	50	-0.28115352988243103027
8	51	-0.15959581732749938965
8	52	0.15959581732749938965
8	53	0.40001016855239868164
8	54	-0.40001016855239868164
8	55	0.081666469573974609375
8	56	-0.081666469573974609375
8	57	0.31834363937377929688
8	58	-0.31834363937377929688
8	59	0.15493603050708770752
8	60	-0.15493603050708770752
8	61	-0.094431355595588684082
8	62	0.094431355595588684082
8	63	0.24936740100383758545
8	64	-0.24936740100383758545
8	65	0.022258890792727470398
8	66	-0.022258890792727470398
8	67	0.28800612688064575195
8	68	-0.28800612688064575195
8	69	-0.26574727892875671387
8	70	0.26574727892875671387
8	71	0.47783097624778747559
8	72	-0.47783097624778747559
8	73	0.08621457219123840332
8	74	-0.08621457219123840332
8	75	0.39161646366119384766
8	76	-0.39161646366119384766
9	6	-0.092550344765186309814
9	7	0.30908086895942687988
9	8	0.41093108057975769043
9	9	0.54143172502517700195
9	10	0.29943242669105529785
9	47	0.14249671995639801025
9	48	-0.14249671995639801025
9	49	0.11667935550212860107
9	50	-0.11667935550212860107
9	51	0.025817379355430603027
9	52	-0.025817379355430603027
9	53	0.15547528862953186035
9	54	-0.15547528862953186035
9	55	-0.25106453895568847656
9	56	0.25106453895568847656
9	57	0.40653982758522033691
9	58	-0.40653982758522033691
9	59	-0.02476328238844871521
9	60	0.02476328238844871521
9	61	-0.37540680170059204102
9	62	0.37540680170059204102
9	63	0.35064351558685302734
9	64	-0.35064351558685302734
9	65	0.1749467700719833374
9	66	-0.1749467700719833374
9	67	0.12236681580543518066
9	68	-0.12236681580543518066
9	69	0.052579939365386962891
9	70	-0.052579939365386962891
9	71	0.26329863071441650391
9	72	-0.26329863071441650391
9	73	-0.21636065840721130371
9	74	0.21636065840721130371
9	75	0.47965931892395019531
9	76	-0.47965931892395019531
10	6	-0.095353111624717712402
10	7	0.29499924182891845703
10	8	0.21018749475479125977
10	9	0.29943242669105529785
10	10	0.41301554441452026367
10	47	0.12195932120084762573
10	48	-0.12195932120084762573
10	49	0.050631202757358551025
10	50	-0.050631202757358551025
10	51	0.071328110992908477783
10	52	-0.071328110992908477783
10	53	-0.25349155068397521973
10	54	0.25349155068397521973
10	55	-0.27961149811744689941
10	56	0.27961149811744689941
10	57	0.02611999213695526123
10	58	-0.02611999213695526123
10	59	-0.38297301530838012695
10	60	0.38297301530838012695
10	61	-0.31169778108596801758
10	62	0.31169778108596801758
10	63	-0.071275211870670318604
10	64	0.071275211870670318604
10	65	-0.037097770720720291138
10	66	0.037097770720720291138
10	67	-0.30846482515335083008
10	68	0.30846482515335083008
10	69	0.27136707305908203125
10	70	-0.27136707305908203125
10	71	-0.13468810915946960449
10	72	0.13468810915946960449
10	73	-0.19305950403213500977
10	74	0.19305950403213500977
10	75	0.058371402323246002197
10	76	-0.058371402323246002197
11	0	-0.05818919837474822998
11	6	0.0038128420710563659668
11	11	0.55970609188079833984
11	12	-0.54970610141754150391
11	13	0.24946004152297973633
11	14	-0.24946004152297973633
11	15	0.30024603009223937988
11	16	-0.30024603009223937988
11	47	0.0035642012953758239746
11	48	-0.0035642012953758239746
11	49	0.21313361823558807373
11	50	-0.21313361823558807373
11	51	-0.20956936478614807129
11	52	0.20956936478614807129
11	77	1
12	0	0.05818919837474822998
12	6	-0.0038128420710563659668
12	11	-0.54970610141754150391
12	12	0.55970609188079833984
12	13	-0.24946004152297973633
12	14	0.24946004152297973633
12	15	-0.30024603009223937988
12	16	0.30024603009223937988
12	47	-0.0035642012953758239746
12	48	0.0035642012953758239746
12	49	-0.21313361823558807373
12	50	0.21313361823558807373
12	51	0.20956936478614807129
12	52	-0.20956936478614807129
12	77	1
13	0	-0.019402395933866500854
13	6	-0.082620531320571899414
13	11	0.24946004152297973633
13	12	-0.24946004152297973633
13	13	0.39960116147994995117
13	14	-0.38960117101669311523
13	15	-0.14014109969139099121
13	16	0.14014109969139099121
13	47	0.1305824965238571167
13	48	-0.1305824965238571167
13	49	0.18230527639389038086
13	50	-0.18230527639389038086
13	51	-0.051722764968872070312
13	52	0.051722764968872070312
13	77	1
14	0	0.019402395933866500854
14	6	0.082620531320571899414
14	11	-0.24946004152297973633
14	12	0.24946004152297973633
14	13	-0.38960117101669311523
14	14	0.39960116147994995117
14	15	0.14014109969139099121
14	16	-0.14014109969139099121
14	47	-0.1305824965238571167
14	48	0.1305824965238571167
14	49	-0.18230527639389038086
14	50	0.18230527639389038086
14	51	0.051722764968872070312
14	52	-0.051722764968872070312
14	77	1
15	0	-0.038786798715591430664
15	6	0.086433373391628265381
15	11	0.30024603009223937988
15	12	-0.30024603009223937988
15	13	-0.14014109969139099121
15	14	0.14014109969139099121
15	15	0.45038712024688720703
15	16	-0.44038712978363037109
15	47	-0.12701827287673950195
15	48	0.12701827287673950195
15	49	0.030828338116407394409
15	50	-0.030828338116407394409
15	51	-0.15784662961959838867
15	52	0.15784662961959838867
15	77	1
16	0	0.038786798715591430664
16	6	-0.086433373391628265381
16	11	-0.30024603009223937988
16	12	0.30024603009223937988
16	13	0.14014109969139099121
16	14	-0.14014109969139099121
16	15	-0.44038712978363037109
16	16	0.45038712024688720703
16	47	0.12701827287673950195
16	48	-0.12701827287673950195
16	49	-0.030828338116407394409
16	50	0.030828338116407394409
16	51	0.15784662961959838867
16	52	-0.15784662961959838867
16	77	1
17	1	-0.17276021838188171387
17	2	-0.14154848456382751465
17	3	0.050899483263492584229
17	17	0.3660704493522644043
17	18	-0.35607045888900756836
17	19	0.16640165448188781738
17	20	-0.16640165448188781738
17	21	0.18966880440711975098
17	22	-0.18966880440711975098
17	23	0.31839656829833984375
17	24	-0.31839656829833984375
17	25	0.14794754981994628906
17	26	-0.14794754981994628906
17	27	0.17044898867607116699
17	28	-0.17044898867607116699
17	29	-0.070077009499073028564
17	30	0.070077009499073028564
17	31	0.21570564806461334229
17	32	-0.21570564806461334229
17	33	-0.28578266501426696777
17	34	0.28578266501426696777
17	78	1
18	1	0.17276021838188171387
18	2	0.14154848456382751465
18	3	-0.050899483263492584229
18	17	-0.35607045888900756836
18	18	0.3660704493522644043
18	19	-0.16640165448188781738
18	20	0.16640165448188781738
18	21	-0.18966880440711975098
18	22	0.18966880440711975098
18	23	-0.31839656829833984375
18	24	0.31839656829833984375
18	25	-0.14794754981994628906
18	26	0.14794754981994628906
18	27	-0.17044898867607116699
18	28	0.17044898867607116699
18	29	0.070077009499073028564
18	30	-0.070077009499073028564
18	31	-0.21570564806461334229
18	32	0.21570564806461334229
18	33	0.28578266501426696777
18	34	-0.28578266501426696777
18	78	1
19	1	0.0094346031546592712402
19	2	-0.11338879913091659546
19	3	0.08902444690465927124
19	17	0.16640165448188781738
19	18	-0.16640165448188781738
19	19	0.43021762371063232422
19	20	-0.42021763324737548828
19	21	-0.2538159787654876709
19	22	0.2538159787654876709
19	23	0.096148833632469177246
19	24	-0.096148833632469177246
19	25	0.38573068380355834961
19	26	-0.38573068380355834961
19	27	-0.28958183526992797852
19	28	0.28958183526992797852
19	29	-0.13015837967395782471
19	30	0.13015837967395782471
19	31	-0.018089054152369499207
19	32	0.018089054152369499207
19	33	-0.11206932365894317627
19	34	0.11206932365894317627
19	78	1
20	1	-0.0094346031546592712402
20	2	0.11338879913091659546
20	3	-0.08902444690465927124
20	17	-0.16640165448188781738
20	18	0.16640165448188781738
20	19	-0.42021763324737548828
20	20	0.43021762371063232422
20	21	0.2538159787654876709
20	22	-0.2538159787654876709
20	23	-0.096148833632469177246
20	24	0.096148833632469177246
20	25	-0.38573068380355834961
20	26	0.38573068380355834961
20	27	0.28958183526992797852
20	28	-0.28958183526992797852
20	29	0.13015837967395782471
20	30	-0.13015837967395782471
20	31	0.018089054152369499207
20	32	-0.018089054152369499207
20	33	0.11206932365894317627
20	34	-0.11206932365894317627
20	78	1
21	1	-0.18219482898712158203
21	2	-0.028159689158201217651
21	3	-0.038124956190586090088
21	17	0.18966880440711975098
21	18	-0.18966880440711975098
21	19	-0.2538159787654876709
21	20	0.2538159787654876709
21	21	0.45348477363586425781
21	22	-0.44348478317260742188
21	23	0.22224774956703186035
21	24	-0.22224774956703186035
21	25	-0.23778313398361206055
21	26	0.23778313398361206055
21	27	0.4600308537483215332
21	28	-0.4600308537483215332
21	29	0.060081358999013900757
21	30	-0.060081358999013900757
21	31	0.23379471898078918457
21	32	-0.23379471898078918457
21	33	-0.1737133711576461792
21	34	0.1737133711576461792
21	78	1
22	1	0.18219482898712158203
22	2	0.028159689158201217651
22	3	0.038124956190586090088
22	17	-0.18966880440711975098
22	18	0.18966880440711975098
22	19	0.2538159787654876709
22	20	-0.2538159787654876709
22	21	-0.44348478317260742188
22	22	0.45348477363586425781
22	23	-0.22224774956703186035
22	24	0.22224774956703186035
22	25	0.23778313398361206055
22	26	-0.23778313398361206055
22	27	-0.4600308537483215332
22	28	0.4600308537483215332
22	29	-0.060081358999013900757
22	30	0.060081358999013900757
22	31	-0.23379471898078918457
22	32	0.23379471898078918457
22	33	0.1737133711576461792
22	34	-0.1737133711576461792
22	78	1
23	1	-0.16464979946613311768
23	2	-0.14110150933265686035
23	3	-0.0063959509134292602539
23	17	0.31839656829833984375
23	18	-0.31839656829833984375
23	19	0.096148833632469177246
23	20	-0.096148833632469177246
23	21	0.22224774956703186035
23	22	-0.22224774956703186035
23	23	0.35243335366249084473
23	24	-0.34243336319923400879
23	25	0.10794083774089813232
23	26	-0.10794083774089813232
23	27	0.23449251055717468262
23	28	-0.23449251055717468262
23	29	0.049791313707828521729
23	30	-0.049791313707828521729
23	31	0.25976577401161193848
23	32	-0.25976577401161193848
23	33	-0.20997445285320281982
23	34	0.20997445285320281982
23	79	1
24	1	0.16464979946613311768
24	2	0.14110150933265686035
24	3	0.0063959509134292602539
24	17	-0.31839656829833984375
24	18	0.31839656829833984375
24	19	-0.096148833632469177246
24	20	0.096148833632469177246
24	21	-0.22224774956703186035
24	22	0.22224774956703186035
24	23	-0.34243336319923400879
24	24	0.35243335366249084473
24	25	-0.10794083774089813232
24	26	0.10794083774089813232
24	27	-0.23449251055717468262
24	28	0.23449251055717468262
24	29	-0.049791313707828521729
24	30	0.049791313707828521729
24	31	-0.25976577401161193848
24	32	0.25976577401161193848
24	33	0.20997445285320281982
24	34	-0.20997445285320281982
24	79	1
25	1	0.013382680714130401611
25	2	-0.11315800249576568604
25	3	0.060945075005292892456
25	17	0.14794754981994628906
25	18	-0.14794754981994628906
25	19	0.38573068380355834961
25	20	-0.38573068380355834961
25	21	-0.23778313398361206055
25	22	0.23778313398361206055
25	23	0.10794083774089813232
25	24	-0.10794083774089813232
25	25	0.376068115234375
25	26	-0.36606812477111816406
25	27	-0.25812730193138122559
25	28	0.25812730193138122559
25	29	-0.071431770920753479004
25	30	0.071431770920753479004
25	31	0.0035191085189580917358
25	32	-0.0035191085189580917358
25	33	-0.074950881302356719971
25	34	0.074950881302356719971
25	79	1
26	1	-0.013382680714130401611
26	2	0.11315800249576568604
26	3	-0.060945075005292892456
26	17	-0.14794754981994628906
26	18	0.14794754981994628906
26	19	-0.38573068380355834961
26	20	0.38573068380355834961
26	21	0.23778313398361206055
26	22	-0.23778313398361206055
26	23	-0.10794083774089813232
26	24	0.10794083774089813232
26	25	-0.36606812477111816406
26	26	0.376068115234375
26	27	0.25812730193138122559
26	28	-0.25812730193138122559
26	29	0.071431770920753479004
26	30	-0.071431770920753479004
26	31	-0.0035191085189580917358
26	32	0.0035191085189580917358
26	33	0.074950881302356719971
26	34	-0.074950881302356719971
26	79	1
27	1	-0.17803248763084411621
27	2	-0.027943499386310577393
27	3	-0.067341022193431854248
27	17	0.17044898867607116699
27	18	-0.17044898867607116699
27	19	-0.28958183526992797852
27	20	0.28958183526992797852
27	21	0.4600308537483215332
27	22	-0.4600308537483215332
27	23	0.23449251055717468262
27	24	-0.23449251055717468262
27	25	-0.25812730193138122559
27	26	0.25812730193138122559
27	27	0.50261980295181274414
27	28	-0.4926198124885559082
27	29	0.12122309207916259766
27	30	-0.12122309207916259766
27	31	0.25624665617942810059
27	32	-0.25624665617942810059
27	33	-0.13502356410026550293
27	34	0.13502356410026550293
27	79	1
28	1	0.17803248763084411621
28	2	0.027943499386310577393
28	3	0.067341022193431854248
28	17	-0.17044898867607116699
28	18	0.17044898867607116699
28	19	0.28958183526992797852
28	20	-0.28958183526992797852
28	21	-0.4600308537483215332
28	22	0.4600308537483215332
28	23	-0.23449251055717468262
28	24	0.23449251055717468262
28	25	0.25812730193138122559
28	26	-0.25812730193138122559
28	27	-0.4926198124885559082
28	28	0.50261980295181274414
28	29	-0.12122309207916259766
28	30	0.12122309207916259766
28	31	-0.25624665617942810059
28	32	0.25624665617942810059
28	33	0.13502356410026550293
28	34	-0.13502356410026550293
28	79	1
29	1	0.057174481451511383057
29	2	-0.016461631283164024353
29	3	-0.14992862939834594727
29	4	0.020446799695491790771
29	5	0.017954792827367782593
29	17	-0.070077009499073028564
29	18	0.070077009499073028564
29	19	-0.13015837967395782471
29	20	0.13015837967395782471
29	21	0.060081358999013900757
29	22	-0.060081358999013900757
29	23	0.049791313707828521729
29	24	-0.049791313707828521729
29	25	-0.071431770920753479004
29	26	0.071431770920753479004
29	27	0.12122309207916259766
29	28	-0.12122309207916259766
29	29	0.9664242863655090332
29	30	-0.95642429590225219727
29	31	0.41233682632446289062
29	32	-0.41233682632446289062
29	33	0.54408752918243408203
29	34	-0.54408752918243408203
29	35	0.10235856473445892334
29	36	-0.10235856473445892334
29	37	0.21698221564292907715
29	38	-0.21698221564292907715
29	39	-0.11462365835905075073
29	40	0.11462365835905075073
29	41	0.28945297002792358398
29	42	-0.28945297002792358398
29	43	0.22226816415786743164
29	44	-0.22226816415786743164
29	45	0.067184761166572570801
29	46	-0.067184761166572570801
29	80	1
30	1	-0.057174481451511383057
30	2	0.016461631283164024353
30	3	0.14992862939834594727
30	4	-0.020446799695491790771
30	5	-0.017954792827367782593
30	17	0.070077009499073028564
30	18	-0.070077009499073028564
30	19	0.13015837967395782471
30	20	-0.13015837967395782471
30	21	-0.060081358999013900757
30	22	0.060081358999013900757
30	23	-0.049791313707828521729
30	24	0.049791313707828521729
30	25	0.071431770920753479004
30	26	-0.071431770920753479004
30	27	-0.12122309207916259766
30	28	0.12122309207916259766
30	29	-0.95642429590225219727
30	30	0.9664242863655090332
30	31	-0.41233682632446289062
30	32	0.41233682632446289062
30	33	-0.54408752918243408203
30	34	0.54408752918243408203
30	35	-0.10235856473445892334
30	36	0.10235856473445892334
30	37	-0.21698221564292907715
30	38	0.21698221564292907715
30	39	0.11462365835905075073
30	40	-0.11462365835905075073
30	41	-0.28945297002792358398
30	42	0.28945297002792358398
30	43	-0.22226816415786743164
30	44	0.22226816415786743164
30	45	-0.067184761166572570801
30	46	0.067184761166572570801
30	80	1
31	1	-0.25543433427810668945
31	2	-0.22908258438110351562
31	3	-0.077921546995639801025
31	4	0.14579792320728302002
31	5	0.063798740506172180176
31	17	0.21570564806461334229
31	18	-0.21570564806461334229
31	19	-0.018089054152369499207
31	20	0.018089054152369499207
31	21	0.23379471898078918457
31	22	-0.23379471898078918457
31	23	0.25976577401161193848
31	24	-0.25976577401161193848
31	25	0.0035191085189580917358
31	26	-0.0035191085189580917358
31	27	0.25624665617942810059
31	28	-0.25624665617942810059
31	29	0.41233682632446289062
31	30	-0.41233682632446289062
31	31	0.83265590667724609375
31	32	-0.82265591621398925781
31	33	-0.41031906008720397949
31	34	0.41031906008720397949
31	35	0.27432256937026977539
31	36	-0.27432256937026977539
31	37	0.26426136493682861328
31	38	-0.26426136493682861328
31	39	0.010061193257570266724
31	40	-0.010061193257570266724
31	41	0.35635715723037719727
31	42	-0.35635715723037719727
31	43	0.25988790392875671387
31	44	-0.25988790392875671387
31	45	0.096469208598136901855
31	46	-0.096469208598136901855
31	80	1
32	1	0.25543433427810668945
32	2	0.22908258438110351562
32	3	0.077921546995639801025
32	4	-0.14579792320728302002
32	5	-0.063798740506172180176
32	17	-0.21570564806461334229
32	18	0.21570564806461334229
32	19	0.018089054152369499207
32	20	-0.018089054152369499207
32	21	-0.23379471898078918457
32	22	0.23379471898078918457
32	23	-0.25976577401161193848
32	24	0.25976577401161193848
32	25	-0.0035191085189580917358
32	26	0.0035191085189580917358
32	27	-0.25624665617942810059
32	28	0.25624665617942810059
32	29	-0.41233682632446289062
32	30	0.41233682632446289062
32	31	-0.82265591621398925781
32	32	0.83265590667724609375
32	33	0.41031906008720397949
32	34	-0.41031906008720397949
32	35	-0.27432256937026977539
32	36	0.27432256937026977539
32	37	-0.26426136493682861328
32	38	0.26426136493682861328
32	39	-0.010061193257570266724
32	40	0.010061193257570266724
32	41	-0.35635715723037719727
32	42	0.35635715723037719727
32	43	-0.25988790392875671387
32	44	0.25988790392875671387
32	45	-0.096469208598136901855
32	46	0.096469208598136901855
32	80	1
33	1	0.31260880827903747559
33	2	0.21262097358703613281
33	3	-0.07200708240270614624
33	4	-0.12535111606121063232
33	5	-0.045843951404094696045
33	17	-0.28578266501426696777
33	18	0.28578266501426696777
33	19	-0.11206932365894317627
33	20	0.11206932365894317627
33	21	-0.1737133711576461792
33	22	0.1737133711576461792
33	23	-0.20997445285320281982
33	24	0.20997445285320281982
33	25	-0.074950881302356719971
33	26	0.074950881302356719971
33	27	-0.13502356410026550293
33	28	0.13502356410026550293
33	29	0.54408752918243408203
33	30	-0.54408752918243408203
33	31	-0.41031906008720397949
33	32	0.41031906008720397949
33	33	0.96440649032592773438
33	34	-0.95440649986267089844
33	35	-0.17196400463581085205
33	36	0.17196400463581085205
33	37	-0.047279149293899536133
33	38	0.047279149293899536133
33	39	-0.12468485534191131592
33	40	0.12468485534191131592
33	41	-0.066904179751873016357
33	42	0.066904179751873016357
33	43	-0.037619732320308685303
33	44	0.037619732320308685303
33	45	-0.029284447431564331055
33	46	0.029284447431564331055
33	80	1
34	1	-0.31260880827903747559
34	2	-0.21262097358703613281
34	3	0.07200708240270614624
34	4	0.12535111606121063232
34	5	0.045843951404094696045
34	17	0.28578266501426696777
34	18	-0.28578266501426696777
34	19	0.11206932365894317627
34	20	-0.11206932365894317627
34	21	0.1737133711576461792
34	22	-0.1737133711576461792
34	23	0.20997445285320281982
34	24	-0.20997445285320281982
34	25	0.074950881302356719971
34	26	-0.074950881302356719971
34	27	0.13502356410026550293
34	28	-0.13502356410026550293
34	29	-0.54408752918243408203
34	30	0.54408752918243408203
34	31	0.41031906008720397949
34	32	-0.41031906008720397949
34	33	-0.95440649986267089844
34	34	0.96440649032592773438
34	35	0.17196400463581085205
34	36	-0.17196400463581085205
34	37	0.047279149293899536133
34	38	-0.047279149293899536133
34	39	0.12468485534191131592
34	40	-0.12468485534191131592
34	41	0.066904179751873016357
34	42	-0.066904179751873016357
34	43	0.037619732320308685303
34	44	-0.037619732320308685303
34	45	0.029284447431564331055
34	46	-0.029284447431564331055
34	80	1
35	3	-0.046737395226955413818
35	4	0.056854940950870513916
35	5	-0.009931630454957485199
35	29	0.10235856473445892334
35	30	-0.10235856473445892334
35	31	0.27432256937026977539
35	32	-0.27432256937026977539
35	33	-0.17196400463581085205
35	34	0.17196400463581085205
35	35	0.36755448579788208008
35	36	-0.35755449533462524414
35	37	0.21768808364868164062
35	38	-0.21768808364868164062
35	39	0.13986639678478240967
35	40	-0.13986639678478240967
35	41	0.38881695270538330078
35	42	-0.38881695270538330078
35	43	0.21308234333992004395
35	44	-0.21308234333992004395
35	45	0.17573457956314086914
35	46	-0.17573457956314086914
35	81	1
36	3	0.046737395226955413818
36	4	-0.056854940950870513916
36	5	0.009931630454957485199
36	29	-0.10235856473445892334
36	30	0.10235856473445892334
36	31	-0.27432256937026977539
36	32	0.27432256937026977539
36	33	0.17196400463581085205
36	34	-0.17196400463581085205
36	35	-0.35755449533462524414
36	36	0.36755448579788208008
36	37	-0.21768808364868164062
36	38	0.21768808364868164062
36	39	-0.13986639678478240967
36	40	0.13986639678478240967
36	41	-0.38881695270538330078
36	42	0.38881695270538330078
36	43	-0.21308234333992004395
36	44	0.21308234333992004395
36	45	-0.17573457956314086914
36	46	0.17573457956314086914
36	81	1
37	3	-0.041469253599643707275
37	4	-0.018029196187853813171
37	5	-0.158723488450050354
37	29	0.21698221564292907715
37	30	-0.21698221564292907715
37	31	0.26426136493682861328
37	32	-0.26426136493682861328
37	33	-0.047279149293899536133
37	34	0.047279149293899536133
37	35	0.21768808364868164062
37	36	-0.21768808364868164062
37	37	0.44534027576446533203
37	38	-0.43534028530120849609
37	39	-0.21765223145484924316
37	40	0.21765223145484924316
37	41	0.28974807262420654297
37	42	-0.28974807262420654297
37	43	0.42581981420516967773
37	44	-0.42581981420516967773
37	45	-0.13607174158096313477
37	46	0.13607174158096313477
37	81	1
38	3	0.041469253599643707275
38	4	0.018029196187853813171
38	5	0.158723488450050354
38	29	-0.21698221564292907715
38	30	0.21698221564292907715
38	31	-0.26426136493682861328
38	32	0.26426136493682861328
38	33	0.047279149293899536133
38	34	-0.047279149293899536133
38	35	-0.21768808364868164062
38	36	0.21768808364868164062
38	37	-0.43534028530120849609
38	38	0.44534027576446533203
38	39	0.21765223145484924316
38	40	-0.21765223145484924316
38	41	-0.28974807262420654297
38	42	0.28974807262420654297
38	43	-0.42581981420516967773
38	44	0.42581981420516967773
38	45	0.13607174158096313477
38	46	-0.13607174158096313477
38	81	1
39	3	-0.0052681472152471542358
39	4	0.074884139001369476318
39	5	0.14879184961318969727
39	29	-0.11462365835905075073
39	30	0.11462365835905075073
39	31	0.010061193257570266724
39	32	-0.010061193257570266724
39	33	-0.12468485534191131592
39	34	0.12468485534191131592
39	35	0.13986639678478240967
39	36	-0.13986639678478240967
39	37	-0.21765223145484924316
39	38	0.21765223145484924316
39	39	0.36751860380172729492
39	40	-0.35751861333847045898
39	41	0.099068850278854370117
39	42	-0.099068850278854370117
39	43	-0.21273744106292724609
39	44	0.21273744106292724609
39	45	0.31180632114410400391
39	46	-0.31180632114410400391
39	81	1
40	3	0.0052681472152471542358
40	4	-0.074884139001369476318
40	5	-0.14879184961318969727
40	29	0.11462365835905075073
40	30	-0.11462365835905075073
40	31	-0.010061193257570266724
40	32	0.010061193257570266724
40	33	0.12468485534191131592
40	34	-0.12468485534191131592
40	35	-0.13986639678478240967
40	36	0.13986639678478240967
40	37	0.21765223145484924316
40	38	-0.21765223145484924316
40	39	-0.35751861333847045898
40	40	0.36751860380172729492
40	41	-0.099068850278854370117
40	42	0.099068850278854370117
40	43	0.21273744106292724609
40	44	-0.21273744106292724609
40	45	-0.31180632114410400391
40	46	0.31180632114410400391
40	81	1
41	3	-0.066272467374801635742
41	4	0.051108162850141525269
41	5	-0.023271344602108001709
41	29	0.28945297002792358398
41	30	-0.28945297002792358398
41	31	0.35635715723037719727
41	32	-0.35635715723037719727
41	33	-0.066904179751873016357
41	34	0.066904179751873016357
41	35	0.38881695270538330078
41	36	-0.38881695270538330078
41	37	0.28974807262420654297
41	38	-0.28974807262420654297
41	39	0.099068850278854370117
41	40	-0.099068850278854370117
41	41	0.50813448429107666016
41	42	-0.49813449382781982422
41	43	0.28680565953254699707
41	44	-0.28680565953254699707
41	45	0.21132886409759521484
41	46	-0.21132886409759521484
41	82	1
42	3	0.066272467374801635742
42	4	-0.051108162850141525269
42	5	0.023271344602108001709
42	29	-0.28945297002792358398
42	30	0.28945297002792358398
42	31	-0.35635715723037719727
42	32	0.35635715723037719727
42	33	0.066904179751873016357
42	34	-0.066904179751873016357
42	35	-0.38881695270538330078
42	36	0.38881695270538330078
42	37	-0.28974807262420654297
42	38	0.28974807262420654297
42	39	-0.099068850278854370117
42	40	0.099068850278854370117
42	41	-0.49813449382781982422
42	42	0.50813448429107666016
42	43	-0.28680565953254699707
42	44	0.28680565953254699707
42	45	-0.21132886409759521484
42	46	0.21132886409759521484
42	82	1
43	3	-0.04392884671688079834
43	4	-0.017452748492360115051
43	5	-0.15273010730743408203
43	29	0.22226816415786743164
43	30	-0.22226816415786743164
43	31	0.25988790392875671387
43	32	-0.25988790392875671387
43	33	-0.037619732320308685303
43	34	0.037619732320308685303
43	35	0.21308234333992004395
43	36	-0.21308234333992004395
43	37	0.42581981420516967773
43	38	-0.42581981420516967773
43	39	-0.21273744106292724609
43	40	0.21273744106292724609
43	41	0.28680565953254699707
43	42	-0.28680565953254699707
43	43	0.42679613828659057617
43	44	-0.41679614782333374023
43	45	-0.12999045848846435547
43	46	0.12999045848846435547
43	82	1
44	3	0.04392884671688079834
44	4	0.017452748492360115051
44	5	0.15273010730743408203
44	29	-0.22226816415786743164
44	30	0.22226816415786743164
44	31	-0.25988790392875671387
44	32	0.25988790392875671387
44	33	0.037619732320308685303
44	34	-0.037619732320308685303
44	35	-0.21308234333992004395
44	36	0.21308234333992004395
44	37	-0.42581981420516967773
44	38	0.42581981420516967773
44	39	0.21273744106292724609
44	40	-0.21273744106292724609
44	41	-0.28680565953254699707
44	42	0.28680565953254699707
44	43	-0.41679614782333374023
44	44	0.42679613828659057617
44	45	0.12999045848846435547
44	46	-0.12999045848846435547
44	82	1
45	3	-0.022343628108501434326
45	4	0.068560913205146789551
45	5	0.12945878505706787109
45	29	0.067184761166572570801
45	30	-0.067184761166572570801
45	31	0.096469208598136901855
45	32	-0.096469208598136901855
45	33	-0.029284447431564331055
45	34	0.029284447431564331055
45	35	0.17573457956314086914
45	36	-0.17573457956314086914
45	37	-0.13607174158096313477
45	38	0.13607174158096313477
45	39	0.31180632114410400391
45	40	-0.31180632114410400391
45	41	0.21132886409759521484
45	42	-0.21132886409759521484
45	43	-0.12999045848846435547
45	44	0.12999045848846435547
45	45	0.35131931304931640625
45	46	-0.34131932258605957031
45	82	1
46	3	0.022343628108501434326
46	4	-0.068560913205146789551
46	5	-0.12945878505706787109
46	29	-0.067184761166572570801
46	30	0.067184761166572570801
46	31	-0.096469208598136901855
46	32	0.096469208598136901855
46	33	0.029284447431564331055
46	34	-0.029284447431564331055
46	35	-0.17573457956314086914
46	36	0.17573457956314086914
46	37	0.13607174158096313477
46	38	-0.13607174158096313477
46	39	-0.31180632114410400391
46	40	0.31180632114410400391
46	41	-0.21132886409759521484
46	42	0.21132886409759521484
46	43	0.12999045848846435547
46	44	-0.12999045848846435547
46	45	-0.34131932258605957031
46	46	0.35131931304931640625
46	82	1
47	0	0.042114768177270889282
47	6	-0.062531642615795135498
47	7	0.12310540676116943359
47	8	0.12155763804912567139
47	9	0.14249671995639801025
47	10	0.12195932120084762573
47	11	0.0035642012953758239746
47	12	-0.0035642012953758239746
47	13	0.1305824965238571167
47	14	-0.1305824965238571167
47	15	-0.12701827287673950195
47	16	0.12701827287673950195
47	47	0.70796257257461547852
47	48	-0.69796258211135864258
47	49	0.34669882059097290039
47	50	-0.34669882059097290039
47	51	0.35126379132270812988
47	52	-0.35126379132270812988
47	53	0.0063947029411792755127
47	54	-0.0063947029411792755127
47	55	-0.13221916556358337402
47	56	0.13221916556358337402
47	57	0.13861387968063354492
47	58	-0.13861387968063354492
47	59	-0.050823733210563659668
47	60	0.050823733210563659668
47	61	-0.14523139595985412598
47	62	0.14523139595985412598
47	63	0.094407662749290466309
47	64	-0.094407662749290466309
47	65	0.085591554641723632812
47	66	-0.085591554641723632812
47	67	0.017164014279842376709
47	68	-0.017164014279842376709
47	69	0.06842753291130065918
47	70	-0.06842753291130065918
47	71	0.047521702945232391357
47	72	-0.047521702945232391357
47	73	-0.097962737083435058594
47	74	0.097962737083435058594
47	75	0.14548444747924804688
47	76	-0.14548444747924804688
47	83	1
48	0	-0.042114768177270889282
48	6	0.062531642615795135498
48	7	-0.12310540676116943359
48	8	-0.12155763804912567139
48	9	-0.14249671995639801025
48	10	-0.12195932120084762573
48	11	-0.0035642012953758239746
48	12	0.0035642012953758239746
48	13	-0.1305824965238571167
48	14	0.1305824965238571167
48	15	0.12701827287673950195
48	16	-0.12701827287673950195
48	47	-0.69796258211135864258
48	48	0.70796257257461547852
48	49	-0.34669882059097290039
48	50	0.34669882059097290039
48	51	-0.35126379132270812988
48	52	0.35126379132270812988
48	53	-0.0063947029411792755127
48	54	0.0063947029411792755127
48	55	0.13221916556358337402
48	56	-0.13221916556358337402
48	57	-0.13861387968063354492
48	58	0.13861387968063354492
48	59	0.050823733210563659668
48	60	-0.050823733210563659668
48	61	0.14523139595985412598
48	62	-0.14523139595985412598
48	63	-0.094407662749290466309
48	64	0.094407662749290466309
48	65	-0.085591554641723632812
48	66	0.085591554641723632812
48	67	-0.017164014279842376709
48	68	0.017164014279842376709
48	69	-0.06842753291130065918
48	70	0.06842753291130065918
48	71	-0.047521702945232391357
48	72	0.047521702945232391357
48	73	0.097962737083435058594
48	74	-0.097962737083435058594
48	75	-0.14548444747924804688
48	76	0.14548444747924804688
48	83	1
49	0	0.022166926413774490356
49	6	0.078847095370292663574
49	7	-0.089107140898704528809
49	8	0.28115352988243103027
49	9	0.11667935550212860107
49	10	0.050631202757358551025
49	11	0.21313361823558807373
49	12	-0.21313361823558807373
49	13	0.18230527639389038086
49	14	-0.18230527639389038086
49	15	0.030828338116407394409
49	16	-0.030828338116407394409
49	47	0.34669882059097290039
49	48	-0.34669882059097290039
49	49	0.92207151651382446289
49	50	-0.91207152605056762695
49	51	-0.56537252664566040039
49	52	0.56537252664566040039
49	53	0.22441823780536651611
49	54	-0.22441823780536651611
49	55	0.095895729959011077881
49	56	-0.095895729959011077881
49	57	0.12852247059345245361
49	58	-0.12852247059345245361
49	59	0.097371771931648254395
49	60	-0.097371771931648254395
49	61	-0.04903271794319152832
49	62	0.04903271794319152832
49	63	0.14640448987483978271
49	64	-0.14640448987483978271
49	65	0.048388589173555374146
49	66	-0.048388589173555374146
49	67	0.20917415618896484375
49	68	-0.20917415618896484375
49	69	-0.16078560054302215576
49	70	0.16078560054302215576
49	71	0.24059772491455078125
49	72	-0.24059772491455078125
49	73	0.04697398841381072998
49	74	-0.04697398841381072998
49	75	0.19362369179725646973
49	76	-0.19362369179725646973
49	83	1
50	0	-0.022166926413774490356
50	6	-0.078847095370292663574
50	7	0.089107140898704528809
50	8	-0.28115352988243103027
50	9	-0.11667935550212860107
50	10	-0.050631202757358551025
50	11	-0.21313361823558807373
50	12	0.21313361823558807373
50	13	-0.18230527639389038086
50	14	0.18230527639389038086
50	15	-0.030828338116407394409
50	16	0.030828338116407394409
50	47	-0.34669882059097290039
50	48	0.34669882059097290039
50	49	-0.91207152605056762695
50	50	0.92207151651382446289
50	51	0.56537252664566040039
50	52	-0.56537252664566040039
