2022-06-27 06:21:57.461485+0200 HaradaExperiment[2107:231768] Metal GPU Frame Capture Enabled
2022-06-27 06:21:57.461770+0200 HaradaExperiment[2107:231768] Metal API Validation Enabled
loaded: duck-color from asset catalog
loaded: duck-color from asset catalog


iteration: 0


iteration: 1


iteration: 2


iteration: 3


iteration: 4


iteration: 5


iteration: 6


iteration: 7


iteration: 8


iteration: 9


iteration: 10


iteration: 11


iteration: 12


iteration: 13


iteration: 14


iteration: 15


iteration: 16


iteration: 17


iteration: 18


iteration: 19


iteration: 20


iteration: 21


iteration: 22


iteration: 23


iteration: 24


iteration: 25


iteration: 26


iteration: 27


iteration: 28


iteration: 29


iteration: 30


iteration: 31


iteration: 32


iteration: 33


iteration: 34


iteration: 35


iteration: 36


iteration: 37


iteration: 38


iteration: 39


iteration: 40


iteration: 41


iteration: 42


iteration: 43


iteration: 44


iteration: 45


iteration: 46


iteration: 47


iteration: 48


iteration: 49


iteration: 50


iteration: 51


iteration: 52


iteration: 53


iteration: 54


iteration: 55


iteration: 56


iteration: 57


iteration: 58


iteration: 59


iteration: 60


iteration: 61


iteration: 62


iteration: 63


iteration: 64


iteration: 65


iteration: 66


iteration: 67


iteration: 68


iteration: 69


iteration: 70


iteration: 71


iteration: 72


iteration: 73


iteration: 74


iteration: 75


iteration: 76


iteration: 77


iteration: 78


iteration: 79


iteration: 80


iteration: 81


iteration: 82


iteration: 83


iteration: 84


iteration: 85


iteration: 86


iteration: 87


iteration: 88


iteration: 89


iteration: 90


iteration: 91


iteration: 92


iteration: 93


iteration: 94


iteration: 95


iteration: 96


iteration: 97


iteration: 98


iteration: 99


iteration: 100


iteration: 101


iteration: 102


iteration: 103


iteration: 104


iteration: 105


iteration: 106


iteration: 107


iteration: 108


iteration: 109


iteration: 110


iteration: 111


iteration: 112


iteration: 113


iteration: 114


iteration: 115


iteration: 116


iteration: 117


iteration: 118


iteration: 119


iteration: 120


iteration: 121


iteration: 122


iteration: 123


iteration: 124


iteration: 125


iteration: 126


iteration: 127


iteration: 128


iteration: 129


iteration: 130


iteration: 131


iteration: 132


iteration: 133


iteration: 134


iteration: 135


iteration: 136


iteration: 137


iteration: 138


iteration: 139


iteration: 140


iteration: 141


iteration: 142


iteration: 143


iteration: 144


iteration: 145


iteration: 146


iteration: 147


iteration: 148


iteration: 149


iteration: 150


iteration: 151


iteration: 152


iteration: 153


iteration: 154


iteration: 155


iteration: 156


iteration: 157


iteration: 158


iteration: 159


iteration: 160


iteration: 161


iteration: 162


iteration: 163


iteration: 164


iteration: 165


iteration: 166


iteration: 167


iteration: 168


iteration: 169


iteration: 170


iteration: 171


iteration: 172


iteration: 173


iteration: 174


iteration: 175


iteration: 176


iteration: 177


iteration: 178


iteration: 179


iteration: 180


iteration: 181


iteration: 182


iteration: 183


iteration: 184


iteration: 185


iteration: 186


iteration: 187


iteration: 188


iteration: 189


iteration: 190


iteration: 191


iteration: 192


iteration: 193


iteration: 194


iteration: 195


iteration: 196


iteration: 197


iteration: 198


iteration: 199


iteration: 200


iteration: 201


iteration: 202


iteration: 203


iteration: 204


iteration: 205


iteration: 206


iteration: 207


iteration: 208


iteration: 209


iteration: 210


iteration: 211


iteration: 212


iteration: 213


iteration: 214


iteration: 215


iteration: 216


iteration: 217


iteration: 218


iteration: 219


iteration: 220


iteration: 221


iteration: 222


iteration: 223


iteration: 224


iteration: 225


iteration: 226


iteration: 227


iteration: 228


iteration: 229


iteration: 230


iteration: 231


iteration: 232


iteration: 233


iteration: 234


iteration: 235


iteration: 236


iteration: 237


iteration: 238


iteration: 239


iteration: 240


iteration: 241


iteration: 242


iteration: 243


iteration: 244


iteration: 245


iteration: 246


iteration: 247


iteration: 248


iteration: 249


iteration: 250


iteration: 251


iteration: 252


iteration: 253


iteration: 254


iteration: 255


iteration: 256


iteration: 257


iteration: 258


iteration: 259


iteration: 260


iteration: 261


iteration: 262


iteration: 263


iteration: 264


iteration: 265


iteration: 266


iteration: 267


iteration: 268


iteration: 269


iteration: 270


iteration: 271


iteration: 272


iteration: 273


iteration: 274


iteration: 275


iteration: 276


iteration: 277


iteration: 278


iteration: 279


iteration: 280


iteration: 281


iteration: 282


iteration: 283


iteration: 284


iteration: 285


iteration: 286


iteration: 287


iteration: 288


iteration: 289


iteration: 290


iteration: 291


iteration: 292


iteration: 293


iteration: 294


iteration: 295


iteration: 296


iteration: 297


iteration: 298


iteration: 299


iteration: 300


iteration: 301


iteration: 302


iteration: 303


iteration: 304


iteration: 305


iteration: 306


iteration: 307


iteration: 308


iteration: 309


iteration: 310


iteration: 311


iteration: 312


iteration: 313


iteration: 314


iteration: 315


iteration: 316


iteration: 317


iteration: 318


iteration: 319


iteration: 320


iteration: 321


iteration: 322


iteration: 323


iteration: 324


iteration: 325


iteration: 326


iteration: 327


iteration: 328


iteration: 329


iteration: 330


iteration: 331


iteration: 332


iteration: 333


iteration: 334


iteration: 335


iteration: 336


iteration: 337


iteration: 338


iteration: 339


iteration: 340


iteration: 341


iteration: 342


iteration: 343


iteration: 344


iteration: 345


iteration: 346


iteration: 347


iteration: 348


iteration: 349


iteration: 350


iteration: 351


iteration: 352


iteration: 353


iteration: 354


iteration: 355


iteration: 356


iteration: 357


iteration: 358


iteration: 359


iteration: 360


iteration: 361


iteration: 362


iteration: 363


iteration: 364


iteration: 365


iteration: 366


iteration: 367


iteration: 368


iteration: 369


iteration: 370


iteration: 371


iteration: 372


iteration: 373


iteration: 374


iteration: 375


iteration: 376


iteration: 377


iteration: 378


iteration: 379


iteration: 380


iteration: 381


iteration: 382


iteration: 383


iteration: 384


iteration: 385


iteration: 386


iteration: 387


iteration: 388


iteration: 389


iteration: 390


iteration: 391


iteration: 392


iteration: 393


iteration: 394


iteration: 395


iteration: 396


iteration: 397


iteration: 398


iteration: 399


iteration: 400


iteration: 401


iteration: 402


iteration: 403


iteration: 404


iteration: 405


iteration: 406


iteration: 407


iteration: 408


iteration: 409


iteration: 410


iteration: 411


iteration: 412


iteration: 413


iteration: 414


iteration: 415


iteration: 416


iteration: 417


iteration: 418


iteration: 419


iteration: 420


iteration: 421


iteration: 422


iteration: 423


iteration: 424


iteration: 425


iteration: 426


iteration: 427


iteration: 428


iteration: 429


iteration: 430


iteration: 431


iteration: 432


iteration: 433


iteration: 434


iteration: 435


iteration: 436


iteration: 437


iteration: 438


iteration: 439


iteration: 440


iteration: 441


iteration: 442


iteration: 443


iteration: 444


iteration: 445


iteration: 446


iteration: 447


iteration: 448


iteration: 449


iteration: 450


iteration: 451


iteration: 452


iteration: 453


iteration: 454


iteration: 455


iteration: 456


iteration: 457


iteration: 458


iteration: 459


iteration: 460


iteration: 461


iteration: 462


iteration: 463


iteration: 464


iteration: 465


iteration: 466


iteration: 467


iteration: 468


iteration: 469


iteration: 470


iteration: 471


iteration: 472


iteration: 473


iteration: 474


iteration: 475


iteration: 476


iteration: 477


iteration: 478


iteration: 479


iteration: 480


iteration: 481


iteration: 482


iteration: 483


iteration: 484


iteration: 485


iteration: 486


iteration: 487


iteration: 488


iteration: 489


iteration: 490


iteration: 491


iteration: 492


iteration: 493


iteration: 494


iteration: 495


iteration: 496


iteration: 497


iteration: 498


iteration: 499


iteration: 500


iteration: 501


iteration: 502


iteration: 503


iteration: 504


iteration: 505


iteration: 506


iteration: 507


iteration: 508


iteration: 509


iteration: 510


iteration: 511


iteration: 512


iteration: 513


iteration: 514


iteration: 515


iteration: 516


iteration: 517


iteration: 518


iteration: 519


iteration: 520


iteration: 521


iteration: 522


iteration: 523


iteration: 524


iteration: 525


iteration: 526


iteration: 527


iteration: 528


iteration: 529


iteration: 530


iteration: 531


iteration: 532


iteration: 533


iteration: 534


iteration: 535


iteration: 536


iteration: 537


iteration: 538


iteration: 539


iteration: 540


iteration: 541


iteration: 542


iteration: 543


iteration: 544


iteration: 545


iteration: 546


iteration: 547


iteration: 548


iteration: 549


iteration: 550


iteration: 551


iteration: 552


iteration: 553


iteration: 554


iteration: 555


iteration: 556


iteration: 557


iteration: 558


iteration: 559


iteration: 560


iteration: 561


iteration: 562


iteration: 563


iteration: 564


iteration: 565


iteration: 566


iteration: 567


iteration: 568


iteration: 569


iteration: 570


iteration: 571


iteration: 572


iteration: 573


iteration: 574


iteration: 575


iteration: 576


iteration: 577


iteration: 578


iteration: 579


iteration: 580


iteration: 581


iteration: 582


iteration: 583


iteration: 584


iteration: 585


iteration: 586


iteration: 587


iteration: 588


iteration: 589


iteration: 590


iteration: 591


iteration: 592


iteration: 593


iteration: 594


iteration: 595


iteration: 596


iteration: 597


iteration: 598


iteration: 599


iteration: 600


iteration: 601


iteration: 602


iteration: 603


iteration: 604


iteration: 605


iteration: 606


iteration: 607


iteration: 608


iteration: 609


iteration: 610


iteration: 611


iteration: 612


iteration: 613


iteration: 614


iteration: 615
generating sample matrix BEGIN
0	0	0.15183880925178527832
0	1	0.099722646176815032959
0	2	0.057606391608715057373
0	3	0.083309255540370941162
0	4	0.04119298979640007019
0	64	0.090216211974620819092
0	65	-0.090216211974620819092
0	66	0.04762606695294380188
0	67	-0.04762606695294380188
0	68	0.042590145021677017212
0	69	-0.042590145021677017212
0	70	0.095799975097179412842
0	71	-0.095799975097179412842
0	72	0.045234903693199157715
0	73	-0.045234903693199157715
0	74	0.050565067678689956665
0	75	-0.050565067678689956665
0	76	0.10138359665870666504
0	77	-0.10138359665870666504
0	78	0.042843665927648544312
0	79	-0.042843665927648544312
0	80	0.058539930731058120728
0	81	-0.058539930731058120728
0	82	0.0818537101149559021
0	83	-0.0818537101149559021
0	84	0.03661969304084777832
0	85	-0.03661969304084777832
0	86	0.045234013348817825317
0	87	-0.045234013348817825317
0	88	0.087437450885772705078
0	89	-0.087437450885772705078
0	90	0.034228511154651641846
0	91	-0.034228511154651641846
0	92	0.053208939731121063232
0	93	-0.053208939731121063232
1	0	0.099722646176815032959
1	1	0.13454501330852508545
1	2	0.14936739206314086914
1	3	0.058065682649612426758
1	4	0.082888051867485046387
1	64	0.002780833980068564415
1	65	-0.002780833980068564415
1	66	-0.049379639327526092529
1	67	0.049379639327526092529
1	68	0.052160471677780151367
1	69	-0.052160471677780151367
1	70	0.0036482280120253562927
1	71	-0.0036482280120253562927
1	72	-0.049759861081838607788
1	73	0.049759861081838607788
1	74	0.053408082574605941772
1	75	-0.053408082574605941772
1	76	0.0045156171545386314392
1	77	-0.0045156171545386314392
1	78	-0.050140008330345153809
1	79	0.050140008330345153809
1	80	0.054655626416206359863
1	81	-0.054655626416206359863
1	82	0.0014669327065348625183
1	83	-0.0014669327065348625183
1	84	-0.051155354827642440796
1	85	0.051155354827642440796
1	86	0.05262228846549987793
1	87	-0.05262228846549987793
1	88	0.0023343253415077924728
1	89	-0.0023343253415077924728
1	90	-0.051535572856664657593
1	91	0.051535572856664657593
1	92	0.053869895637035369873
1	93	-0.053869895637035369873
2	0	0.057606391608715057373
2	1	0.14936739206314086914
2	2	0.25112846493721008301
2	3	0.03282216191291809082
2	4	0.1245832592248916626
2	64	-0.084654748439788818359
2	65	0.084654748439788818359
2	66	-0.14638543128967285156
2	67	0.14638543128967285156
2	68	0.061730690300464630127
2	69	-0.061730690300464630127
2	70	-0.088503733277320861816
2	71	0.088503733277320861816
2	72	-0.14475470781326293945
2	73	0.14475470781326293945
2	74	0.056250963360071182251
2	75	-0.056250963360071182251
2	76	-0.092352598905563354492
2	77	0.092352598905563354492
2	78	-0.14312376081943511963
2	79	0.14312376081943511963
2	80	0.050771165639162063599
2	81	-0.050771165639162063599
2	82	-0.078920036554336547852
2	83	0.078920036554336547852
2	84	-0.13893046975135803223
2	85	0.13893046975135803223
2	86	0.060010444372892379761
2	87	-0.060010444372892379761
2	88	-0.082768999040126800537
2	89	0.082768999040126800537
2	90	-0.13729970157146453857
2	91	0.13729970157146453857
2	92	0.054530706256628036499
2	93	-0.054530706256628036499
3	0	0.083309255540370941162
3	1	0.058065682649612426758
3	2	0.03282216191291809082
3	3	0.22849534451961517334
3	4	0.19325184822082519531
3	64	-0.071027845144271850586
3	65	0.071027845144271850586
3	66	0.076191931962966918945
3	67	-0.076191931962966918945
3	68	-0.14721977710723876953
3	69	0.14721977710723876953
3	70	-0.076978519558906555176
3	71	0.076978519558906555176
3	72	0.078759834170341491699
3	73	-0.078759834170341491699
3	74	-0.15573835372924804688
3	75	0.15573835372924804688
3	76	-0.082929097115993499756
3	77	0.082929097115993499756
3	78	0.08132763206958770752
3	79	-0.08132763206958770752
3	80	-0.16425675153732299805
3	81	0.16425675153732299805
3	82	-0.062082618474960327148
3	83	0.062082618474960327148
3	84	0.088069051504135131836
3	85	-0.088069051504135131836
3	86	-0.15015165507793426514
3	87	0.15015165507793426514
3	88	-0.068033285439014434814
3	89	0.068033285439014434814
3	90	0.090636938810348510742
3	91	-0.090636938810348510742
3	92	-0.15867021679878234863
3	93	0.15867021679878234863
4	0	0.04119298979640007019
4	1	0.082888051867485046387
4	2	0.1245832592248916626
4	3	0.19325184822082519531
4	4	0.24494710564613342285
4	64	-0.15846347808837890625
4	65	0.15846347808837890625
4	66	-0.020813886076211929321
4	67	0.020813886076211929321
4	68	-0.13764959573745727539
4	69	0.13764959573745727539
4	70	-0.16913053393363952637
4	71	0.16913053393363952637
4	72	-0.016235023736953735352
4	73	0.016235023736953735352
4	74	-0.15289551019668579102
4	75	0.15289551019668579102
4	76	-0.17979738116264343262
4	77	0.17979738116264343262
4	78	-0.011656135320663452148
4	79	0.011656135320663452148
4	80	-0.16814124584197998047
4	81	0.16814124584197998047
4	82	-0.14246962964534759521
4	83	0.14246962964534759521
4	84	0.00029391050338745117188
4	85	-0.00029391050338745117188
4	86	-0.14276354014873504639
4	87	0.14276354014873504639
4	88	-0.15313665568828582764
4	89	0.15313665568828582764
4	90	0.0048727914690971374512
4	91	-0.0048727914690971374512
4	92	-0.15800945460796356201
4	93	0.15800945460796356201
5	5	0.32502889633178710938
5	6	0.17967516183853149414
5	7	0.044321160763502120972
5	8	0.16320186853408813477
5	9	0.027848005294799804688
5	10	0.14672884345054626465
5	11	0.011374741792678833008
5	94	0.044614806771278381348
5	95	-0.044614806771278381348
5	96	0.19374759495258331299
5	97	-0.19374759495258331299
5	98	-0.14913278818130493164
5	99	0.14913278818130493164
5	100	0.044624455273151397705
5	101	-0.044624455273151397705
5	102	0.19375854730606079102
5	103	-0.19375854730606079102
5	104	-0.14913409948348999023
5	105	0.14913409948348999023
5	106	0.044634167104959487915
5	107	-0.044634167104959487915
5	108	0.19376972317695617676
5	109	-0.19376972317695617676
5	110	-0.1491355597972869873
5	111	0.1491355597972869873
5	112	0.044623922556638717651
5	113	-0.044623922556638717651
5	114	0.19375245273113250732
5	115	-0.19375245273113250732
5	116	-0.14912851154804229736
5	117	0.14912851154804229736
5	118	0.044633604586124420166
5	119	-0.044633604586124420166
5	120	0.19376352429389953613
5	121	-0.19376352429389953613
5	122	-0.14912992715835571289
5	123	0.14912992715835571289
5	124	0.044623382389545440674
5	125	-0.044623382389545440674
5	126	0.19374632835388183594
5	127	-0.19374632835388183594
5	128	-0.14912295341491699219
5	129	0.14912295341491699219
5	130	0.044633064419031143188
5	131	-0.044633064419031143188
5	132	0.19375742971897125244
5	133	-0.19375742971897125244
5	134	-0.14912435412406921387
5	135	0.14912435412406921387
6	5	0.17967516183853149414
6	6	0.15117378532886505127
6	7	0.10267233848571777344
6	8	0.10781338810920715332
6	9	0.06931209564208984375
6	10	0.074453070759773254395
6	11	0.035951688885688781738
6	94	-0.027500096708536148071
6	95	0.027500096708536148071
6	96	0.047439917922019958496
6	97	-0.047439917922019958496
6	98	-0.074940010905265808105
6	99	0.074940010905265808105
6	100	-0.027500102296471595764
6	101	0.027500102296471595764
6	102	0.047442503273487091064
6	103	-0.047442503273487091064
6	104	-0.074942603707313537598
6	105	0.074942603707313537598
6	106	-0.027500146999955177307
6	107	0.027500146999955177307
6	108	0.047445148229598999023
6	109	-0.047445148229598999023
6	110	-0.074945300817489624023
6	111	0.074945300817489624023
6	112	-0.027497654780745506287
6	113	0.027497654780745506287
6	114	0.047440502792596817017
6	115	-0.047440502792596817017
6	116	-0.074938155710697174072
6	117	0.074938155710697174072
6	118	-0.027497678995132446289
6	119	0.027497678995132446289
6	120	0.047443125396966934204
6	121	-0.047443125396966934204
6	122	-0.074940800666809082031
6	123	0.074940800666809082031
6	124	-0.027495201677083969116
6	125	0.027495201677083969116
6	126	0.047438502311706542969
6	127	-0.047438502311706542969
6	128	-0.074933700263500213623
6	129	0.074933700263500213623
6	130	-0.027495229616761207581
6	131	0.027495229616761207581
6	132	0.047441124916076660156
6	133	-0.047441124916076660156
6	134	-0.07493636012077331543
6	135	0.07493636012077331543
7	5	0.044321160763502120972
7	6	0.10267233848571777344
7	7	0.17102362215518951416
7	8	0.052424810826778411865
7	9	0.11077626049518585205
7	10	0.0021772086620330810547
7	11	0.060528729110956192017
7	94	-0.0996150970458984375
7	95	0.0996150970458984375
7	96	-0.098868027329444885254
7	97	0.098868027329444885254
7	98	-0.00074707344174385070801
7	99	0.00074707344174385070801
7	100	-0.099624760448932647705
7	101	0.099624760448932647705
7	102	-0.098873794078826904297
7	103	0.098873794078826904297
7	104	-0.00075096264481544494629
7	105	0.00075096264481544494629
7	106	-0.099634557962417602539
7	107	0.099634557962417602539
7	108	-0.098879694938659667969
7	109	0.098879694938659667969
7	110	-0.00075486674904823303223
7	111	0.00075486674904823303223
7	112	-0.099619328975677490234
7	113	0.099619328975677490234
7	114	-0.098871693015098571777
7	115	0.098871693015098571777
7	116	-0.00074763596057891845703
7	117	0.00074763596057891845703
7	118	-0.099629059433937072754
7	119	0.099629059433937072754
7	120	-0.098877534270286560059
7	121	0.098877534270286560059
7	122	-0.00075153261423110961914
7	123	0.00075153261423110961914
7	124	-0.099613882601261138916
7	125	0.099613882601261138916
7	126	-0.09886957705020904541
7	127	0.09886957705020904541
7	128	-0.00074430555105209350586
7	129	0.00074430555105209350586
7	130	-0.099623620510101318359
7	131	0.099623620510101318359
7	132	-0.098875418305397033691
7	133	0.098875418305397033691
7	134	-0.00074819847941398620605
7	135	0.00074819847941398620605
8	5	0.16320186853408813477
8	6	0.10781338810920715332
8	7	0.052424810826778411865
8	8	0.15831236541271209717
8	9	0.092923648655414581299
8	10	0.18881142139434814453
8	11	0.13342262804508209229
8	94	0.084469415247440338135
8	95	-0.084469415247440338135
8	96	0.091922581195831298828
8	97	-0.091922581195831298828
8	98	-0.0074531659483909606934
8	99	0.0074531659483909606934
8	100	0.084477894008159637451
8	101	-0.084477894008159637451
8	102	0.091927923262119293213
8	103	-0.091927923262119293213
8	104	-0.0074500292539596557617
8	105	0.0074500292539596557617
8	106	0.084486491978168487549
8	107	-0.084486491978168487549
8	108	0.091933384537696838379
8	109	-0.091933384537696838379
8	110	-0.0074469000101089477539
8	111	0.0074469000101089477539
8	112	0.084473393857479095459
8	113	-0.084473393857479095459
8	114	0.091925859451293945312
8	115	-0.091925859451293945312
8	116	-0.0074524693191051483154
8	117	0.0074524693191051483154
8	118	0.084481932222843170166
8	119	-0.084481932222843170166
8	120	0.091931268572807312012
8	121	-0.091931268572807312012
8	122	-0.0074493363499641418457
8	123	0.0074493363499641418457
8	124	0.084468871355056762695
8	125	-0.084468871355056762695
8	126	0.091923788189888000488
8	127	-0.091923788189888000488
8	128	-0.0074549131095409393311
8	129	0.0074549131095409393311
8	130	0.08447742462158203125
8	131	-0.08447742462158203125
8	132	0.091929197311401367188
8	133	-0.091929197311401367188
8	134	-0.0074517838656902313232
8	135	0.0074517838656902313232
9	5	0.027848005294799804688
9	6	0.06931209564208984375
9	7	0.11077626049518585205
9	8	0.092923648655414581299
9	9	0.14438770711421966553
9	10	0.11653511226177215576
9	11	0.15799924731254577637
9	94	0.012353991158306598663
9	95	-0.012353991158306598663
9	96	-0.054385472089052200317
9	97	0.054385472089052200317
9	98	0.066739462316036224365
9	99	-0.066739462316036224365
9	100	0.012352816760540008545
9	101	-0.012352816760540008545
9	102	-0.054388485848903656006
9	103	0.054388485848903656006
9	104	0.066741302609443664551
9	105	-0.066741302609443664551
9	106	0.01235165819525718689
9	107	-0.01235165819525718689
9	108	-0.054391566663980484009
9	109	0.054391566663980484009
9	110	0.066743224859237670898
9	111	-0.066743224859237670898
9	112	0.012351294979453086853
9	113	-0.012351294979453086853
9	114	-0.054386448115110397339
9	115	0.054386448115110397339
9	116	0.066737741231918334961
9	117	-0.066737741231918334961
9	118	0.012350128963589668274
9	119	-0.012350128963589668274
9	120	-0.054389499127864837646
9	121	0.054389499127864837646
9	122	0.066739626228809356689
9	123	-0.066739626228809356689
9	124	0.012349773198366165161
9	125	-0.012349773198366165161
9	126	-0.054384402930736541748
9	127	0.054384402930736541748
9	128	0.066734172403812408447
9	129	-0.066734172403812408447
9	130	0.012348608113825321198
9	131	-0.012348608113825321198
9	132	-0.054387457668781280518
9	133	0.054387457668781280518
9	134	0.066736072301864624023
9	135	-0.066736072301864624023
10	5	0.14672884345054626465
10	6	0.074453070759773254395
10	7	0.0021772086620330810547
10	8	0.18881142139434814453
10	9	0.11653511226177215576
10	10	0.31316977739334106445
10	11	0.23089344799518585205
10	94	0.19643898308277130127
10	95	-0.19643898308277130127
10	96	0.13640548288822174072
10	97	-0.13640548288822174072
10	98	0.060033503919839859009
10	99	-0.060033503919839859009
10	100	0.1964559406042098999
10	101	-0.1964559406042098999
10	102	0.13641357421875
10	103	-0.13641357421875
10	104	0.060042370110750198364
10	105	-0.060042370110750198364
10	106	0.19647318124771118164
10	107	-0.19647318124771118164
10	108	0.1364218592643737793
10	109	-0.1364218592643737793
10	110	0.060051329433917999268
10	111	-0.060051329433917999268
10	112	0.1964444965124130249
10	113	-0.1964444965124130249
10	114	0.13641145825386047363
10	115	-0.13641145825386047363
10	116	0.060033041983842849731
10	117	-0.060033041983842849731
10	118	0.19646160304546356201
10	119	-0.19646160304546356201
10	120	0.13641965389251708984
10	121	-0.13641965389251708984
10	122	0.060041956603527069092
10	123	-0.060041956603527069092
10	124	0.19643300771713256836
10	125	-0.19643300771713256836
10	126	0.13640931248664855957
10	127	-0.13640931248664855957
10	128	0.060023702681064605713
10	129	-0.060023702681064605713
10	130	0.19645012915134429932
10	131	-0.19645012915134429932
10	132	0.13641750812530517578
10	133	-0.13641750812530517578
10	134	0.060032621026039123535
10	135	-0.060032621026039123535
11	5	0.011374741792678833008
11	6	0.035951688885688781738
11	7	0.060528729110956192017
11	8	0.13342262804508209229
11	9	0.15799924731254577637
11	10	0.23089344799518585205
11	11	0.26547017693519592285
11	94	0.12432350218296051025
11	95	-0.12432350218296051025
11	96	-0.0099027939140796661377
11	97	0.0099027939140796661377
11	98	0.13422629237174987793
11	99	-0.13422629237174987793
11	100	0.12433081865310668945
11	101	-0.12433081865310668945
11	102	-0.0099030546844005584717
11	103	0.0099030546844005584717
11	104	0.13423387706279754639
11	105	-0.13423387706279754639
11	106	0.12433829903602600098
11	107	-0.12433829903602600098
11	108	-0.0099033154547214508057
11	109	0.0099033154547214508057
11	110	0.13424161076545715332
11	111	-0.13424161076545715332
11	112	0.12432233989238739014
11	113	-0.12432233989238739014
11	114	-0.0099010802805423736572
11	115	0.0099010802805423736572
11	116	0.13422341644763946533
11	117	-0.13422341644763946533
11	118	0.12432974576950073242
11	119	-0.12432974576950073242
11	120	-0.009901348501443862915
11	121	0.009901348501443862915
11	122	0.13423109054565429688
11	123	-0.13423109054565429688
11	124	0.1243138536810874939
11	125	-0.1243138536810874939
11	126	-0.0098991096019744873047
11	127	0.0098991096019744873047
11	128	0.13421295583248138428
11	129	-0.13421295583248138428
11	130	0.12432126700878143311
11	131	-0.12432126700878143311
11	132	-0.0098993740975856781006
11	133	0.0098993740975856781006
11	134	0.13422064483165740967
11	135	-0.13422064483165740967
12	12	0.27502772212028503418
12	13	-0.0077838301658630371094
12	14	0.092487007379531860352
12	15	0.064486049115657806396
12	16	0.16475689411163330078
12	136	0.10824471712112426758
12	137	-0.10824471712112426758
12	138	0.1688162386417388916
12	139	-0.1688162386417388916
12	140	-0.060571521520614624023
12	141	0.060571521520614624023
12	142	0.076772950589656829834
12	143	-0.076772950589656829834
12	144	0.16534787416458129883
12	145	-0.16534787416458129883
12	146	-0.088574901223182678223
12	147	0.088574901223182678223
12	148	0.083921909332275390625
12	149	-0.083921909332275390625
12	150	0.15839745104312896729
12	151	-0.15839745104312896729
12	152	-0.074475556612014770508
12	153	0.074475556612014770508
12	154	0.093946680426597595215
12	155	-0.093946680426597595215
12	156	0.18271681666374206543
12	157	-0.18271681666374206543
12	158	-0.088770151138305664062
12	159	0.088770151138305664062
12	160	0.10109563916921615601
12	161	-0.10109563916921615601
12	162	0.17576642334461212158
12	163	-0.17576642334461212158
12	164	-0.0746707916259765625
12	165	0.0746707916259765625
13	12	-0.0077838301658630371094
13	13	0.25852540135383605957
13	14	0.19798749685287475586
13	15	0.093292027711868286133
13	16	0.042754106223583221436
13	136	0.0018882416188716888428
13	137	-0.0018882416188716888428
13	138	-0.14540007710456848145
13	139	0.14540007710456848145
13	140	0.1472883075475692749
13	141	-0.1472883075475692749
13	142	0.038960348814725875854
13	143	-0.038960348814725875854
13	144	-0.14130997657775878906
13	145	0.14130997657775878906
13	146	0.18027031421661376953
13	147	-0.18027031421661376953
13	148	0.030528174713253974915
13	149	-0.030528174713253974915
13	150	-0.13313204050064086914
13	151	0.13313204050064086914
13	152	0.16366021335124969482
13	153	-0.16366021335124969482
13	154	0.018752561882138252258
13	155	-0.018752561882138252258
13	156	-0.16175575554370880127
13	157	0.16175575554370880127
13	158	0.18050830066204071045
13	159	-0.18050830066204071045
13	160	0.010320393368601799011
13	161	-0.010320393368601799011
13	162	-0.15357781946659088135
13	163	0.15357781946659088135
13	164	0.16389822959899902344
13	165	-0.16389822959899902344
14	12	0.092487007379531860352
14	13	0.19798749685287475586
14	14	0.22440661489963531494
14	15	0.05964884534478187561
14	16	0.076067939400672912598
14	136	0.089070886373519897461
14	137	-0.089070886373519897461
14	138	-0.048593517392873764038
14	139	0.048593517392873764038
14	140	0.13766440749168395996
14	141	-0.13766440749168395996
14	142	0.11072658002376556396
14	143	-0.11072658002376556396
14	144	-0.046201195567846298218
14	145	0.046201195567846298218
14	146	0.1569277644157409668
14	147	-0.1569277644157409668
14	148	0.10579338669776916504
14	149	-0.10579338669776916504
14	150	-0.041430369019508361816
14	151	0.041430369019508361816
14	152	0.1472237706184387207
14	153	-0.1472237706184387207
14	154	0.098937124013900756836
14	155	-0.098937124013900756836
14	156	-0.058135114610195159912
14	157	0.058135114610195159912
14	158	0.15707224607467651367
14	159	-0.15707224607467651367
14	160	0.094003953039646148682
14	161	-0.094003953039646148682
14	162	-0.053364288061857223511
14	163	0.053364288061857223511
14	164	0.14736823737621307373
14	165	-0.14736823737621307373
15	12	0.064486049115657806396
15	13	0.093292027711868286133
15	14	0.05964884534478187561
15	15	0.14177238941192626953
15	16	0.098129212856292724609
15	136	-0.066120542585849761963
15	137	0.066120542585849761963
15	138	-0.024796906858682632446
15	139	0.024796906858682632446
15	140	-0.041323632001876831055
15	141	0.041323632001876831055
15	142	-0.066759467124938964844
15	143	0.066759467124938964844
15	144	-0.024869717657566070557
15	145	0.024869717657566070557
15	146	-0.041889749467372894287
15	147	0.041889749467372894287
15	148	-0.066608488559722900391
15	149	0.066608488559722900391
15	150	-0.025005916133522987366
15	151	0.025005916133522987366
15	152	-0.041602570563554763794
15	153	0.041602570563554763794
15	154	-0.066422417759895324707
15	155	0.066422417759895324707
15	156	-0.024524476379156112671
15	157	0.024524476379156112671
15	158	-0.041897937655448913574
15	159	0.041897937655448913574
15	160	-0.066271439194679260254
15	161	0.066271439194679260254
15	162	-0.024660676717758178711
15	163	0.024660676717758178711
15	164	-0.041610762476921081543
15	165	0.041610762476921081543
16	12	0.16475689411163330078
16	13	0.042754106223583221436
16	14	0.076067939400672912598
16	15	0.098129212856292724609
16	16	0.14144305884838104248
16	136	0.021062102168798446655
16	137	-0.021062102168798446655
16	138	0.072009652853012084961
16	139	-0.072009652853012084961
16	140	-0.050947558134794235229
16	141	0.050947558134794235229
16	142	0.0050067603588104248047
16	143	-0.0050067603588104248047
16	144	0.070239074528217315674
16	145	-0.070239074528217315674
16	146	-0.065232306718826293945
16	147	0.065232306718826293945
16	148	0.0086567280814051628113
16	149	-0.0086567280814051628113
16	150	0.066695772111415863037
16	151	-0.066695772111415863037
16	152	-0.058039046823978424072
16	153	0.058039046823978424072
16	154	0.013762147165834903717
16	155	-0.013762147165834903717
16	156	0.079096168279647827148
16	157	-0.079096168279647827148
16	158	-0.065334029495716094971
16	159	0.065334029495716094971
16	160	0.017412116751074790955
16	161	-0.017412116751074790955
16	162	0.075552873313426971436
16	163	-0.075552873313426971436
16	164	-0.05814075469970703125
16	165	0.05814075469970703125
17	17	0.1430501788854598999
17	18	0.091283582150936126709
17	19	0.049517016857862472534
17	166	-0.038017336279153823853
17	167	0.038017336279153823853
17	168	-0.079342372715473175049
17	169	0.079342372715473175049
17	170	0.041325032711029052734
17	171	-0.041325032711029052734
17	172	-0.044022429734468460083
17	173	0.044022429734468460083
17	174	-0.082647174596786499023
17	175	0.082647174596786499023
17	176	0.038624748587608337402
17	177	-0.038624748587608337402
17	178	-0.050027616322040557861
17	179	0.050027616322040557861
17	180	-0.085952162742614746094
17	181	0.085952162742614746094
17	182	0.035924557596445083618
17	183	-0.035924557596445083618
18	17	0.091283582150936126709
18	18	0.12823724746704101562
18	19	0.14519092440605163574
18	166	-0.026823453605175018311
18	167	0.026823453605175018311
18	168	0.022416554391384124756
18	169	-0.022416554391384124756
18	170	-0.049240007996559143066
18	171	0.049240007996559143066
18	172	-0.026163812726736068726
18	173	0.026163812726736068726
18	174	0.022784732282161712646
18	175	-0.022784732282161712646
18	176	-0.048948545008897781372
18	177	0.048948545008897781372
18	178	-0.0255042295902967453
18	179	0.0255042295902967453
18	180	0.023152964189648628235
18	181	-0.023152964189648628235
18	182	-0.048657193779945373535
18	183	0.048657193779945373535
19	17	0.049517016857862472534
19	18	0.14519092440605163574
19	19	0.25086480379104614258
19	166	-0.015629667788743972778
19	167	0.015629667788743972778
19	168	0.12417542189359664917
19	169	-0.12417542189359664917
19	170	-0.13980507850646972656
19	171	0.13980507850646972656
19	172	-0.0083053018897771835327
19	173	0.0083053018897771835327
19	174	0.12821656465530395508
19	175	-0.12821656465530395508
19	176	-0.13652186095714569092
19	177	0.13652186095714569092
19	178	-0.00098095834255218505859
19	179	0.00098095834255218505859
19	180	0.13225801289081573486
19	181	-0.13225801289081573486
19	182	-0.13323898613452911377
19	183	0.13323898613452911377
20	20	0.15166738629341125488
20	21	0.099582388997077941895
20	22	0.057497385889291763306
20	23	0.083381339907646179199
20	24	0.041296347975730895996
20	184	-0.0031902720220386981964
20	185	0.0031902720220386981964
20	186	-0.0795706138014793396
20	187	0.0795706138014793396
20	188	0.076380342245101928711
20	189	-0.076380342245101928711
20	190	-0.0095254397019743919373
20	191	0.0095254397019743919373
20	192	-0.087169811129570007324
20	193	0.087169811129570007324
20	194	0.077644377946853637695
20	195	-0.077644377946853637695
20	196	-0.015860600396990776062
20	197	0.015860600396990776062
20	198	-0.094768911600112915039
20	199	0.094768911600112915039
20	200	0.078908301889896392822
20	201	-0.078908301889896392822
20	202	-0.01043932698667049408
20	203	0.01043932698667049408
20	204	-0.07540015876293182373
20	205	0.07540015876293182373
20	206	0.06496082991361618042
20	207	-0.06496082991361618042
20	208	-0.016774486750364303589
20	209	0.016774486750364303589
20	210	-0.082999274134635925293
20	211	0.082999274134635925293
20	212	0.066224783658981323242
20	213	-0.066224783658981323242
21	20	0.099582388997077941895
21	21	0.1344595104455947876
21	22	0.14933654665946960449
21	23	0.058193679898977279663
21	24	0.083070710301399230957
21	184	-0.058555081486701965332
21	185	0.058555081486701965332
21	186	-0.02795497700572013855
21	187	0.02795497700572013855
21	188	-0.030600104480981826782
21	189	0.030600104480981826782
21	190	-0.059513881802558898926
21	191	0.059513881802558898926
21	192	-0.029111828655004501343
21	193	0.029111828655004501343
21	194	-0.030402053147554397583
21	195	0.030402053147554397583
21	196	-0.060472626239061355591
21	197	0.060472626239061355591
21	198	-0.03026865050196647644
21	199	0.03026865050196647644
21	200	-0.030203973874449729919
21	201	0.030203973874449729919
21	202	-0.059634860605001449585
21	203	0.059634860605001449585
21	204	-0.027312016114592552185
21	205	0.027312016114592552185
21	206	-0.032322842627763748169
21	207	0.032322842627763748169
21	208	-0.060593601316213607788
21	209	0.060593601316213607788
21	210	-0.028468837961554527283
21	211	0.028468837961554527283
21	212	-0.032124761492013931274
21	213	0.032124761492013931274
22	20	0.057497385889291763306
22	21	0.14933654665946960449
22	22	0.25117552280426025391
22	23	0.03300622105598449707
22	24	0.12484520673751831055
22	184	-0.11391964554786682129
22	185	0.11391964554786682129
22	186	0.023660827428102493286
22	187	-0.023660827428102493286
22	188	-0.13758046925067901611
22	189	0.13758046925067901611
22	190	-0.10950206965208053589
22	191	0.10950206965208053589
22	192	0.028946336358785629272
22	193	-0.028946336358785629272
22	194	-0.1384484022855758667
22	195	0.1384484022855758667
22	196	-0.10508438199758529663
22	197	0.10508438199758529663
22	198	0.03423180803656578064
22	199	-0.03423180803656578064
22	200	-0.13931618630886077881
22	201	0.13931618630886077881
22	202	-0.10883013159036636353
22	203	0.10883013159036636353
22	204	0.020776290446519851685
22	205	-0.020776290446519851685
22	206	-0.12960642576217651367
22	207	0.12960642576217651367
22	208	-0.10441244393587112427
22	209	0.10441244393587112427
22	210	0.026061777025461196899
22	211	-0.026061777025461196899
22	212	-0.13047420978546142578
22	213	0.13047420978546142578
23	20	0.083381339907646179199
23	21	0.058193679898977279663
23	22	0.03300622105598449707
23	23	0.2287912219762802124
23	24	0.19360375404357910156
23	184	0.13380223512649536133
23	185	-0.13380223512649536133
23	186	0.12075792998075485229
23	187	-0.12075792998075485229
23	188	0.013044301420450210571
23	189	-0.013044301420450210571
23	190	0.14057198166847229004
23	191	-0.14057198166847229004
23	192	0.12889356911182403564
23	193	-0.12889356911182403564
23	194	0.011678412556648254395
23	195	-0.011678412556648254395
23	196	0.14734160900115966797
23	197	-0.14734160900115966797
23	198	0.13702908158302307129
23	199	-0.13702908158302307129
23	200	0.01031252741813659668
23	201	-0.01031252741813659668
23	202	0.14150963723659515381
23	203	-0.14150963723659515381
23	204	0.11627494543790817261
23	205	-0.11627494543790817261
23	206	0.025234695523977279663
23	207	-0.025234695523977279663
23	208	0.14827924966812133789
23	209	-0.14827924966812133789
23	210	0.1244104430079460144
23	211	-0.1244104430079460144
23	212	0.023868799209594726562
23	213	-0.023868799209594726562
24	20	0.041296347975730895996
24	21	0.083070710301399230957
24	22	0.12484520673751831055
24	23	0.19360375404357910156
24	24	0.24537825584411621094
24	184	0.078437656164169311523
24	185	-0.078437656164169311523
24	186	0.17237372696399688721
24	187	-0.17237372696399688721
24	188	-0.093936070799827575684
24	189	0.093936070799827575684
24	190	0.090583793818950653076
24	191	-0.090583793818950653076
24	192	0.18695172667503356934
24	193	-0.18695172667503356934
24	194	-0.096367940306663513184
24	195	0.096367940306663513184
24	196	0.1027298271656036377
24	197	-0.1027298271656036377
24	198	0.2015295177698135376
24	199	-0.2015295177698135376
24	200	-0.09879970550537109375
24	201	0.09879970550537109375
24	202	0.092314355075359344482
24	203	-0.092314355075359344482
24	204	0.16436325013637542725
24	205	-0.16436325013637542725
24	206	-0.07204888761043548584
24	207	0.07204888761043548584
24	208	0.10446039587259292603
24	209	-0.10446039587259292603
24	210	0.17894105613231658936
24	211	-0.17894105613231658936
24	212	-0.074480652809143066406
24	213	0.074480652809143066406
25	25	0.32518380880355834961
25	26	0.1797641366720199585
25	27	0.044344313442707061768
25	28	0.16332840919494628906
25	29	0.027908541262149810791
25	30	0.14689268171787261963
25	31	0.011472821235656738281
25	214	0.1454080045223236084
25	215	-0.1454080045223236084
25	216	0.19527703523635864258
25	217	-0.19527703523635864258
25	218	-0.049869038164615631104
25	219	0.049869038164615631104
25	220	0.14548373222351074219
25	221	-0.14548373222351074219
25	222	0.19536224007606506348
25	223	-0.19536224007606506348
25	224	-0.049878507852554321289
25	225	0.049878507852554321289
25	226	0.145559653639793396
25	227	-0.145559653639793396
25	228	0.19544769823551177979
25	229	-0.19544769823551177979
25	230	-0.049888052046298980713
25	231	0.049888052046298980713
25	232	0.14544869959354400635
25	233	-0.14544869959354400635
25	234	0.19531318545341491699
25	235	-0.19531318545341491699
25	236	-0.049864500761032104492
25	237	0.049864500761032104492
25	238	0.14552442729473114014
25	239	-0.14552442729473114014
25	240	0.19539839029312133789
25	241	-0.19539839029312133789
25	242	-0.04987395554780960083
25	243	0.04987395554780960083
25	244	0.14541345834732055664
25	245	-0.14541345834732055664
25	246	0.19526389241218566895
