2022-06-27 06:17:20.254447+0200 HaradaExperiment[1937:226169] Metal GPU Frame Capture Enabled
2022-06-27 06:17:20.254738+0200 HaradaExperiment[1937:226169] Metal API Validation Enabled
loaded: duck-color from asset catalog
loaded: duck-color from asset catalog


iteration: 0


iteration: 1


iteration: 2


iteration: 3


iteration: 4


iteration: 5


iteration: 6


iteration: 7


iteration: 8


iteration: 9


iteration: 10


iteration: 11


iteration: 12


iteration: 13


iteration: 14


iteration: 15


iteration: 16


iteration: 17


iteration: 18


iteration: 19


iteration: 20


iteration: 21


iteration: 22


iteration: 23


iteration: 24


iteration: 25


iteration: 26


iteration: 27


iteration: 28


iteration: 29


iteration: 30


iteration: 31


iteration: 32


iteration: 33


iteration: 34


iteration: 35


iteration: 36


iteration: 37


iteration: 38


iteration: 39


iteration: 40


iteration: 41


iteration: 42


iteration: 43


iteration: 44


iteration: 45


iteration: 46


iteration: 47


iteration: 48


iteration: 49


iteration: 50


iteration: 51


iteration: 52


iteration: 53


iteration: 54


iteration: 55


iteration: 56


iteration: 57


iteration: 58


iteration: 59


iteration: 60


iteration: 61


iteration: 62


iteration: 63


iteration: 64


iteration: 65


iteration: 66


iteration: 67


iteration: 68


iteration: 69


iteration: 70


iteration: 71


iteration: 72


iteration: 73


iteration: 74


iteration: 75


iteration: 76


iteration: 77


iteration: 78


iteration: 79


iteration: 80


iteration: 81


iteration: 82


iteration: 83


iteration: 84


iteration: 85


iteration: 86


iteration: 87


iteration: 88


iteration: 89


iteration: 90


iteration: 91


iteration: 92


iteration: 93


iteration: 94


iteration: 95


iteration: 96


iteration: 97


iteration: 98


iteration: 99


iteration: 100


iteration: 101


iteration: 102


iteration: 103


iteration: 104


iteration: 105


iteration: 106


iteration: 107


iteration: 108


iteration: 109


iteration: 110


iteration: 111


iteration: 112


iteration: 113


iteration: 114


iteration: 115


iteration: 116


iteration: 117


iteration: 118


iteration: 119


iteration: 120


iteration: 121


iteration: 122


iteration: 123


iteration: 124


iteration: 125


iteration: 126


iteration: 127


iteration: 128


iteration: 129


iteration: 130


iteration: 131


iteration: 132


iteration: 133


iteration: 134


iteration: 135


iteration: 136


iteration: 137


iteration: 138
generating sample matrix BEGIN
0	0	0.3296070098876953125
0	1	0.23101536929607391357
0	2	0.14242368936538696289
0	3	0.082393519580364227295
0	4	-0.0061981379985809326172
0	5	0.24529609084129333496
0	6	0.15670442581176757812
0	7	0.068112760782241821289
0	8	-0.020478889346122741699
0	9	-0.058108277618885040283
0	10	0.058108277618885040283
0	11	-0.094112768769264221191
0	12	0.094112768769264221191
0	13	0.036004483699798583984
0	14	-0.036004483699798583984
0	15	-0.067786671221256256104
0	16	0.067786671221256256104
0	17	-0.09969832003116607666
0	18	0.09969832003116607666
0	19	0.031911648809909820557
0	20	-0.031911648809909820557
0	21	-0.077465064823627471924
0	22	0.077465064823627471924
0	23	-0.10528387129306793213
0	24	0.10528387129306793213
0	25	0.027818817645311355591
0	26	-0.027818817645311355591
0	27	-0.099672518670558929443
0	28	0.099672518670558929443
0	29	-0.12969678640365600586
0	30	0.12969678640365600586
0	31	0.030024290084838867188
0	32	-0.030024290084838867188
0	33	-0.10935090482234954834
0	34	0.10935090482234954834
0	35	-0.13528236746788024902
0	36	0.13528236746788024902
0	37	0.025931447744369506836
0	38	-0.025931447744369506836
0	39	-0.074051216244697570801
0	40	0.074051216244697570801
0	41	-0.10911200940608978271
0	42	0.10911200940608978271
0	43	0.0350608043372631073
0	44	-0.0350608043372631073
0	45	-0.083729594945907592773
0	46	0.083729594945907592773
0	47	-0.11469756066799163818
0	48	0.11469756066799163818
0	49	0.03096796572208404541
0	50	-0.03096796572208404541
0	51	-0.093407988548278808594
0	52	0.093407988548278808594
0	53	-0.1202831268310546875
0	54	0.1202831268310546875
0	55	0.026875134557485580444
0	56	-0.026875134557485580444
0	57	-0.10308637470006942749
0	58	0.10308637470006942749
0	59	-0.12586867809295654297
0	60	0.12586867809295654297
0	61	0.022782299667596817017
0	62	-0.022782299667596817017
1	0	0.23101536929607391357
1	1	0.21388189494609832764
1	2	0.17674842476844787598
1	3	0.047912955284118652344
1	4	0.020779483020305633545
1	5	0.15303087234497070312
1	6	0.12589740753173828125
1	7	0.098763935267925262451
1	8	0.071630470454692840576
1	9	-0.045997004956007003784
1	10	0.045997004956007003784
1	11	-0.052332706749439239502
1	12	0.052332706749439239502
1	13	0.0063357055187225341797
1	14	-0.0063357055187225341797
1	15	-0.062635034322738647461
1	16	0.062635034322738647461
1	17	-0.059647761285305023193
1	18	0.059647761285305023193
1	19	-0.0029872730374336242676
1	20	0.0029872730374336242676
1	21	-0.079273074865341186523
1	22	0.079273074865341186523
1	23	-0.066962823271751403809
1	24	0.066962823271751403809
1	25	-0.012310253456234931946
1	26	0.012310253456234931946
1	27	-0.091885790228843688965
1	28	0.091885790228843688965
1	29	-0.055366434156894683838
1	30	0.055366434156894683838
1	31	-0.036519356071949005127
1	32	0.036519356071949005127
1	33	-0.10852383077144622803
1	34	0.10852383077144622803
1	35	-0.062681488692760467529
1	36	0.062681488692760467529
1	37	-0.045842342078685760498
1	38	0.045842342078685760498
1	39	-0.06062239035964012146
1	40	0.06062239035964012146
1	41	-0.050192046910524368286
1	42	0.050192046910524368286
1	43	-0.010430343449115753174
1	44	0.010430343449115753174
1	45	-0.077260419726371765137
1	46	0.077260419726371765137
1	47	-0.057507101446390151978
1	48	0.057507101446390151978
1	49	-0.019753322005271911621
1	50	0.019753322005271911621
1	51	-0.093898452818393707275
1	52	0.093898452818393707275
1	53	-0.064822152256965637207
1	54	0.064822152256965637207
1	55	-0.029076296836137771606
1	56	0.029076296836137771606
1	57	-0.11053648591041564941
1	58	0.11053648591041564941
1	59	-0.072137206792831420898
1	60	0.072137206792831420898
1	61	-0.038399279117584228516
1	62	0.038399279117584228516
2	0	0.14242368936538696289
2	1	0.17674842476844787598
2	2	0.22107316553592681885
2	3	0.013432390987873077393
2	4	0.047757133841514587402
2	5	0.060765657573938369751
2	6	0.095090389251708984375
2	7	0.12941512465476989746
2	8	0.16373986005783081055
2	9	-0.033885717391967773438
2	10	0.033885717391967773438
2	11	-0.010552635416388511658
2	12	0.010552635416388511658
2	13	-0.023333080112934112549
2	14	0.023333080112934112549
2	15	-0.057483382523059844971
2	16	0.057483382523059844971
2	17	-0.019597185775637626648
2	18	0.019597185775637626648
2	19	-0.037886194884777069092
2	20	0.037886194884777069092
2	21	-0.081081062555313110352
2	22	0.081081062555313110352
2	23	-0.028641737997531890869
2	24	0.028641737997531890869
2	25	-0.052439320832490921021
2	26	0.052439320832490921021
2	27	-0.084099054336547851562
2	28	0.084099054336547851562
2	29	0.018963947892189025879
2	30	-0.018963947892189025879
2	31	-0.10306300222873687744
2	32	0.10306300222873687744
2	33	-0.10769673436880111694
2	34	0.10769673436880111694
2	35	0.0099193938076496124268
2	36	-0.0099193938076496124268
2	37	-0.11761613190174102783
2	38	0.11761613190174102783
2	39	-0.047193557024002075195
2	40	0.047193557024002075195
2	41	0.0087279267609119415283
2	42	-0.0087279267609119415283
2	43	-0.055921491235494613647
2	44	0.055921491235494613647
2	45	-0.070791229605674743652
2	46	0.070791229605674743652
2	47	-0.000316619873046875
2	48	0.000316619873046875
2	49	-0.070474609732627868652
2	50	0.070474609732627868652
2	51	-0.094388894736766815186
2	52	0.094388894736766815186
2	53	-0.0093611665070056915283
2	54	0.0093611665070056915283
2	55	-0.085027724504470825195
2	56	0.085027724504470825195
2	57	-0.11798657476902008057
2	58	0.11798657476902008057
2	59	-0.018405716866254806519
2	60	0.018405716866254806519
2	61	-0.099580854177474975586
2	62	0.099580854177474975586
3	0	0.082393519580364227295
3	1	0.047912955284118652344
3	2	0.013432390987873077393
3	3	0.18866871297359466553
3	4	0.14418813586235046387
3	5	0.14777141809463500977
3	6	0.11329084634780883789
3	7	0.078810274600982666016
3	8	0.04432972148060798645
3	9	0.025537010282278060913
3	10	-0.025537010282278060913
3	11	0.0035125669091939926147
3	12	-0.0035125669091939926147
3	13	0.02202444709837436676
3	14	-0.02202444709837436676
3	15	0.045119028538465499878
3	16	-0.045119028538465499878
3	17	0.010908411815762519836
3	18	-0.010908411815762519836
3	19	0.034210614860057830811
3	20	-0.034210614860057830811
3	21	0.064701050519943237305
3	22	-0.064701050519943237305
3	23	0.01830426044762134552
3	24	-0.01830426044762134552
3	25	0.046396788209676742554
3	26	-0.046396788209676742554
3	27	0.065980643033981323242
3	28	-0.065980643033981323242
3	29	-0.023766696453094482422
3	30	0.023766696453094482422
3	31	0.089747339487075805664
3	32	-0.089747339487075805664
3	33	0.085562661290168762207
3	34	-0.085562661290168762207
3	35	-0.0163708515465259552
3	36	0.0163708515465259552
3	37	0.10193352401256561279
3	38	-0.10193352401256561279
3	39	0.035967819392681121826
3	40	-0.035967819392681121826
3	41	-0.013824991881847381592
3	42	0.013824991881847381592
3	43	0.04979281499981880188
3	44	-0.04979281499981880188
3	45	0.055549833923578262329
3	46	-0.055549833923578262329
3	47	-0.0064291469752788543701
3	48	0.0064291469752788543701
3	49	0.061978980898857116699
3	50	-0.061978980898857116699
3	51	0.07513186335563659668
3	52	-0.07513186335563659668
3	53	0.00096670165657997131348
3	54	-0.00096670165657997131348
3	55	0.07416515052318572998
3	56	-0.07416515052318572998
3	57	0.094713881611824035645
3	58	-0.094713881611824035645
3	59	0.0083625465631484985352
3	60	-0.0083625465631484985352
3	61	0.086351327598094940186
3	62	-0.086351327598094940186
4	0	-0.0061981379985809326172
4	1	0.020779483020305633545
4	2	0.047757133841514587402
4	3	0.14418813586235046387
4	4	0.18116578459739685059
4	5	0.055506188422441482544
4	6	0.082483828067779541016
4	7	0.10946146398782730103
4	8	0.13643909990787506104
4	9	0.037648290395736694336
4	10	-0.037648290395736694336
4	11	0.045292630791664123535
4	12	-0.045292630791664123535
4	13	-0.0076443366706371307373
4	14	0.0076443366706371307373
4	15	0.050270669162273406982
4	16	-0.050270669162273406982
4	17	0.050958979874849319458
4	18	-0.050958979874849319458
4	19	-0.00068830884993076324463
4	20	0.00068830884993076324463
4	21	0.062893047928810119629
4	22	-0.062893047928810119629
4	23	0.056625332683324813843
4	24	-0.056625332683324813843
4	25	0.006267718970775604248
4	26	-0.006267718970775604248
4	27	0.073767364025115966797
4	28	-0.073767364025115966797
4	29	0.050563670694828033447
4	30	-0.050563670694828033447
4	31	0.023203691467642784119
4	32	-0.023203691467642784119
4	33	0.086389742791652679443
4	34	-0.086389742791652679443
4	35	0.056230023503303527832
4	36	-0.056230023503303527832
4	37	0.030159719288349151611
4	38	-0.030159719288349151611
4	39	0.049396641552448272705
4	40	-0.049396641552448272705
4	41	0.045094974339008331299
4	42	-0.045094974339008331299
4	43	0.0043016653507947921753
4	44	-0.0043016653507947921753
4	45	0.062019020318984985352
4	46	-0.062019020318984985352
4	47	0.050761327147483825684
4	48	-0.050761327147483825684
4	49	0.011257695034146308899
4	50	-0.011257695034146308899
4	51	0.074641399085521697998
4	52	-0.074641399085521697998
4	53	0.056427679955959320068
4	54	-0.056427679955959320068
4	55	0.018213720992207527161
4	56	-0.018213720992207527161
4	57	0.087263777852058410645
4	58	-0.087263777852058410645
4	59	0.062094029039144515991
4	60	-0.062094029039144515991
4	61	0.025169750675559043884
4	62	-0.025169750675559043884
5	0	0.24529609084129333496
5	1	0.15303087234497070312
5	2	0.060765657573938369751
5	3	0.14777141809463500977
5	4	0.055506188422441482544
5	5	0.25266635417938232422
5	6	0.15040114521980285645
5	7	0.058135919272899627686
5	8	-0.034129276871681213379
5	9	-0.02234126068651676178
5	10	0.02234126068651676178
5	11	-0.066190131008625030518
5	12	0.066190131008625030518
5	13	0.043848872184753417969
5	14	-0.043848872184753417969
5	15	-0.013909630477428436279
5	16	0.013909630477428436279
5	17	-0.064420238137245178223
5	18	0.064420238137245178223
5	19	0.050510603934526443481
5	20	-0.050510603934526443481
5	21	-0.0054779984056949615479
5	22	0.0054779984056949615479
5	23	-0.062650345265865325928
5	24	0.062650345265865325928
5	25	0.05717234686017036438
5	26	-0.05717234686017036438
5	27	-0.02073928341269493103
5	28	0.02073928341269493103
5	29	-0.11389692872762680054
5	30	0.11389692872762680054
5	31	0.093157656490802764893
5	32	-0.093157656490802764893
5	33	-0.012307651340961456299
5	34	0.012307651340961456299
5	35	-0.11212704330682754517
5	36	0.11212704330682754517
5	37	0.099819399416446685791
5	38	-0.099819399416446685791
5	39	-0.025756092742085456848
5	40	0.025756092742085456848
5	41	-0.090928480029106140137
5	42	0.090928480029106140137
5	43	0.065172396600246429443
5	44	-0.065172396600246429443
5	45	-0.017324458807706832886
5	46	0.017324458807706832886
5	47	-0.089158587157726287842
5	48	0.089158587157726287842
5	49	0.071834132075309753418
5	50	-0.071834132075309753418
5	51	-0.0088928248733282089233
5	52	0.0088928248733282089233
5	53	-0.087388701736927032471
5	54	0.087388701736927032471
5	55	0.078495875000953674316
5	56	-0.078495875000953674316
5	57	-0.00046119280159473419189
5	58	0.00046119280159473419189
5	59	-0.0856188163161277771
5	60	0.0856188163161277771
5	61	0.085157610476016998291
5	62	-0.085157610476016998291
6	0	0.15670442581176757812
6	1	0.12589740753173828125
6	2	0.095090389251708984375
6	3	0.11329084634780883789
6	4	0.082483828067779541016
6	5	0.15040114521980285645
6	6	0.12959413230419158936
6	7	0.088787108659744262695
6	8	0.057980097830295562744
6	9	-0.010229987092316150665
6	10	0.010229987092316150665
6	11	-0.024410065263509750366
6	12	0.024410065263509750366
6	13	0.014180077239871025085
6	14	-0.014180077239871025085
6	15	-0.0087579907849431037903
6	16	0.0087579907849431037903
6	17	-0.024369666352868080139
6	18	0.024369666352868080139
6	19	0.015611674636602401733
6	20	-0.015611674636602401733
6	21	-0.007285994943231344223
6	22	0.007285994943231344223
6	23	-0.024329269304871559143
6	24	0.024329269304871559143
6	25	0.017043272033333778381
6	26	-0.017043272033333778381
6	27	-0.012952560558915138245
6	28	0.012952560558915138245
6	29	-0.03956656530499458313
6	30	0.03956656530499458313
6	31	0.026614002883434295654
6	32	-0.026614002883434295654
6	33	-0.011480565182864665985
6	34	0.011480565182864665985
6	35	-0.039526164531707763672
6	36	0.039526164531707763672
6	37	0.028045602142810821533
6	38	-0.028045602142810821533
6	39	-0.012327274307608604431
6	40	0.012327274307608604431
6	41	-0.032008513808250427246
6	42	0.032008513808250427246
6	43	0.019681243225932121277
6	44	-0.019681243225932121277
6	45	-0.010855276137590408325
6	46	0.010855276137590408325
6	47	-0.03196811676025390625
6	48	0.03196811676025390625
6	49	0.021112838760018348694
6	50	-0.021112838760018348694
6	51	-0.0093832807615399360657
6	52	0.0093832807615399360657
6	53	-0.031927719712257385254
6	54	0.031927719712257385254
6	55	0.022544439882040023804
6	56	-0.022544439882040023804
6	57	-0.0079112844541668891907
6	58	0.0079112844541668891907
6	59	-0.031887322664260864258
6	60	0.031887322664260864258
6	61	0.023976035416126251221
6	62	-0.023976035416126251221
7	0	0.068112760782241821289
7	1	0.098763935267925262451
7	2	0.12941512465476989746
7	3	0.078810274600982666016
7	4	0.10946146398782730103
7	5	0.058135919272899627686
7	6	0.088787108659744262695
7	7	0.12943829596042633057
7	8	0.15008947253227233887
7	9	0.0018812920898199081421

7	10	-0.0018812920898199081421
7	11	0.017370002344250679016
7	12	-0.017370002344250679016
7	13	-0.015488708391785621643
7	14	0.015488708391785621643
7	15	-0.0036063489969819784164
7	16	0.0036063489969819784164
7	17	0.015680903568863868713
7	18	-0.015680903568863868713
7	19	-0.019287252798676490784
7	20	0.019287252798676490784
7	21	-0.0090939924120903015137
7	22	0.0090939924120903015137
7	23	0.013991804793477058411
7	24	-0.013991804793477058411
7	25	-0.023085795342922210693
7	26	0.023085795342922210693
7	27	-0.005165835842490196228
7	28	0.005165835842490196228
7	29	0.034763809293508529663
7	30	-0.034763809293508529663
7	31	-0.03992964327335357666
7	32	0.03992964327335357666
7	33	-0.010653479024767875671
7	34	0.010653479024767875671
7	35	0.033074714243412017822
7	36	-0.033074714243412017822
7	37	-0.043728195130825042725
7	38	0.043728195130825042725
7	39	0.0011015497148036956787
7	40	-0.0011015497148036956787
7	41	0.026911456137895584106
7	42	-0.026911456137895584106
7	43	-0.025809908285737037659
7	44	0.025809908285737037659
7	45	-0.0043860925361514091492
7	46	0.0043860925361514091492
7	47	0.025222357362508773804
7	48	-0.025222357362508773804
7	49	-0.029608450829982757568
7	50	0.029608450829982757568
7	51	-0.0098737357184290885925
7	52	0.0098737357184290885925
7	53	0.023533260449767112732
7	54	-0.023533260449767112732
7	55	-0.033406995236873626709
7	56	0.033406995236873626709
7	57	-0.015361377038061618805
7	58	0.015361377038061618805
7	59	0.021844161674380302429
7	60	-0.021844161674380302429
7	61	-0.03720553964376449585
7	62	0.03720553964376449585
8	0	-0.020478889346122741699
8	1	0.071630470454692840576
8	2	0.16373986005783081055
8	3	0.04432972148060798645
8	4	0.13643909990787506104
8	5	-0.034129276871681213379
8	6	0.057980097830295562744
8	7	0.15008947253227233887
8	8	0.25219878554344177246
8	9	0.01399257313460111618
8	10	-0.01399257313460111618
8	11	0.059150051325559616089
8	12	-0.059150051325559616089
8	13	-0.045157477259635925293
8	14	0.045157477259635925293
8	15	0.0015452939551323652267
8	16	-0.0015452939551323652267
8	17	0.055731460452079772949
8	18	-0.055731460452079772949
8	19	-0.054186161607503890991
8	20	0.054186161607503890991
8	21	-0.010901989415287971497
8	22	0.010901989415287971497
8	23	0.052312865853309631348
8	24	-0.052312865853309631348
8	25	-0.063214845955371856689
8	26	0.063214845955371856689
8	27	0.0026208912022411823273
8	28	-0.0026208912022411823273
8	29	0.10909415781497955322
8	30	-0.10909415781497955322
8	31	-0.1064732670783996582
8	32	0.1064732670783996582
8	33	-0.0098263919353485107422
8	34	0.0098263919353485107422
8	35	0.10567557066679000854
8	36	-0.10567557066679000854
8	37	-0.11550195515155792236
8	38	0.11550195515155792236
8	39	0.01453037559986114502
8	40	-0.01453037559986114502
8	41	0.085831411182880401611
8	42	-0.085831411182880401611
8	43	-0.071301035583019256592
8	44	0.071301035583019256592
8	45	0.0020830929279327392578
8	46	-0.0020830929279327392578
8	47	0.082412809133529663086
8	48	-0.082412809133529663086
8	49	-0.080329716205596923828
8	50	0.080329716205596923828
8	51	-0.010364191606640815735
8	52	0.010364191606640815735
8	53	0.078994214534759521484
8	54	-0.078994214534759521484
8	55	-0.089358411729335784912
8	56	0.089358411729335784912
8	57	-0.022811470553278923035
8	58	0.022811470553278923035
8	59	0.075575627386569976807
8	60	-0.075575627386569976807
8	61	-0.098387099802494049072
8	62	0.098387099802494049072
9	0	-0.058108277618885040283
9	1	-0.045997004956007003784
9	2	-0.033885717391967773438
9	3	0.025537010282278060913
9	4	0.037648290395736694336
9	5	-0.02234126068651676178
9	6	-0.010229987092316150665
9	7	0.0018812920898199081421
9	8	0.01399257313460111618
9	9	0.30651515722274780273
9	10	-0.2965151667594909668
9	11	0.02746319212019443512
9	12	-0.02746319212019443512
9	13	0.26905199885368347168
9	14	-0.26905199885368347168
9	15	0.18022242188453674316
9	16	-0.18022242188453674316
9	17	-0.019979260861873626709
9	18	0.019979260861873626709
9	19	0.2002016603946685791
9	20	-0.2002016603946685791
9	21	0.063929639756679534912
9	22	-0.063929639756679534912
9	23	-0.06742171943187713623
9	24	0.06742171943187713623
9	25	0.13135135173797607422
9	26	-0.13135135173797607422
9	27	0.21994552016258239746
9	28	-0.21994552016258239746
9	29	0.20145976543426513672
9	30	-0.20145976543426513672
9	31	0.018485758453607559204
9	32	-0.018485758453607559204
9	33	0.10365274548530578613
9	34	-0.10365274548530578613
9	35	0.15401732921600341797
9	36	-0.15401732921600341797
9	37	-0.050364576280117034912
9	38	0.050364576280117034912
9	39	0.31637674570083618164
9	40	-0.31637674570083618164
9	41	0.13818272948265075684
9	42	-0.13818272948265075684
9	43	0.1781940162181854248
9	44	-0.1781940162181854248
9	45	0.20008397102355957031
9	46	-0.20008397102355957031
9	47	0.090740278363227844238
9	48	-0.090740278363227844238
9	49	0.10934369266033172607
9	50	-0.10934369266033172607
9	51	0.083791196346282958984
9	52	-0.083791196346282958984
9	53	0.043297819793224334717
9	54	-0.043297819793224334717
9	55	0.040493376553058624268
9	56	-0.040493376553058624268
9	57	-0.032501548528671264648
9	58	0.032501548528671264648
9	59	-0.004144623875617980957
9	60	0.004144623875617980957
9	61	-0.028356932103633880615
9	62	0.028356932103633880615
9	63	1
10	0	0.058108277618885040283
10	1	0.045997004956007003784
10	2	0.033885717391967773438
10	3	-0.025537010282278060913
10	4	-0.037648290395736694336
10	5	0.02234126068651676178
10	6	0.010229987092316150665
10	7	-0.0018812920898199081421
10	8	-0.01399257313460111618
10	9	-0.2965151667594909668
10	10	0.30651515722274780273
10	11	-0.02746319212019443512
10	12	0.02746319212019443512
10	13	-0.26905199885368347168
10	14	0.26905199885368347168
10	15	-0.18022242188453674316
10	16	0.18022242188453674316
10	17	0.019979260861873626709
10	18	-0.019979260861873626709
10	19	-0.2002016603946685791
10	20	0.2002016603946685791
10	21	-0.063929639756679534912
10	22	0.063929639756679534912
10	23	0.06742171943187713623
10	24	-0.06742171943187713623
10	25	-0.13135135173797607422
10	26	0.13135135173797607422
10	27	-0.21994552016258239746
10	28	0.21994552016258239746
10	29	-0.20145976543426513672
10	30	0.20145976543426513672
10	31	-0.018485758453607559204
10	32	0.018485758453607559204
10	33	-0.10365274548530578613
10	34	0.10365274548530578613
10	35	-0.15401732921600341797
10	36	0.15401732921600341797
10	37	0.050364576280117034912
10	38	-0.050364576280117034912
10	39	-0.31637674570083618164
10	40	0.31637674570083618164
10	41	-0.13818272948265075684
10	42	0.13818272948265075684
10	43	-0.1781940162181854248
10	44	0.1781940162181854248
10	45	-0.20008397102355957031
10	46	0.20008397102355957031
10	47	-0.090740278363227844238
10	48	0.090740278363227844238
10	49	-0.10934369266033172607
10	50	0.10934369266033172607
10	51	-0.083791196346282958984
10	52	0.083791196346282958984
10	53	-0.043297819793224334717
10	54	0.043297819793224334717
10	55	-0.040493376553058624268
10	56	0.040493376553058624268
10	57	0.032501548528671264648
10	58	-0.032501548528671264648
10	59	0.004144623875617980957
10	60	-0.004144623875617980957
10	61	0.028356932103633880615
10	62	-0.028356932103633880615
10	63	1
11	0	-0.094112768769264221191
11	1	-0.052332706749439239502
11	2	-0.010552635416388511658
11	3	0.0035125669091939926147
11	4	0.045292630791664123535
11	5	-0.066190131008625030518
11	6	-0.024410065263509750366
11	7	0.017370002344250679016
11	8	0.059150051325559616089
11	9	0.02746319212019443512
11	10	-0.02746319212019443512
11	11	0.16790227591991424561
11	12	-0.15790227055549621582
11	13	-0.13043907284736633301
11	14	0.13043907284736633301
11	15	0.064741089940071105957
11	16	-0.064741089940071105957
11	17	0.17394441366195678711
11	18	-0.17394441366195678711
11	19	-0.10920332372188568115
11	20	0.10920332372188568115
11	21	0.10201898962259292603
11	22	-0.10201898962259292603
11	23	0.1899865567684173584
11	24	-0.1899865567684173584
11	25	-0.087967559695243835449
11	26	0.087967559695243835449
11	27	0.069942429661750793457
11	28	-0.069942429661750793457
11	29	0.12764166295528411865
11	30	-0.12764166295528411865
11	31	-0.057699233293533325195
11	32	0.057699233293533325195
11	33	0.10722032934427261353
11	34	-0.10722032934427261353
11	35	0.14368379116058349609
11	36	-0.14368379116058349609
11	37	-0.03646346554160118103
11	38	0.03646346554160118103
11	39	0.030063867568969726562
11	40	-0.030063867568969726562
11	41	0.13475090265274047852
11	42	-0.13475090265274047852
11	43	-0.10468703508377075195
11	44	0.10468703508377075195
11	45	0.067341759800910949707
11	46	-0.067341759800910949707
11	47	0.15079303085803985596
11	48	-0.15079303085803985596
11	49	-0.08345127105712890625
11	50	0.08345127105712890625
11	51	0.1046196669340133667
11	52	-0.1046196669340133667
11	53	0.16683517396450042725
11	54	-0.16683517396450042725
11	55	-0.062215507030487060547
11	56	0.062215507030487060547
11	57	0.14189755916595458984
11	58	-0.14189755916595458984
11	59	0.18287730216979980469
11	60	-0.18287730216979980469
11	61	-0.040979750454425811768
11	62	0.040979750454425811768
11	63	1
12	0	0.094112768769264221191
12	1	0.052332706749439239502
12	2	0.010552635416388511658
12	3	-0.0035125669091939926147
12	4	-0.045292630791664123535
12	5	0.066190131008625030518
12	6	0.024410065263509750366
12	7	-0.017370002344250679016
12	8	-0.059150051325559616089
12	9	-0.02746319212019443512
12	10	0.02746319212019443512
12	11	-0.15790227055549621582
12	12	0.16790227591991424561
12	13	0.13043907284736633301
12	14	-0.13043907284736633301
12	15	-0.064741089940071105957
12	16	0.064741089940071105957
12	17	-0.17394441366195678711
12	18	0.17394441366195678711
12	19	0.10920332372188568115
12	20	-0.10920332372188568115
12	21	-0.10201898962259292603
12	22	0.10201898962259292603
12	23	-0.1899865567684173584
12	24	0.1899865567684173584
12	25	0.087967559695243835449
12	26	-0.087967559695243835449
12	27	-0.069942429661750793457
12	28	0.069942429661750793457
12	29	-0.12764166295528411865
12	30	0.12764166295528411865
12	31	0.057699233293533325195
12	32	-0.057699233293533325195
12	33	-0.10722032934427261353
12	34	0.10722032934427261353
12	35	-0.14368379116058349609
12	36	0.14368379116058349609
12	37	0.03646346554160118103
12	38	-0.03646346554160118103
12	39	-0.030063867568969726562
12	40	0.030063867568969726562
12	41	-0.13475090265274047852
12	42	0.13475090265274047852
12	43	0.10468703508377075195
12	44	-0.10468703508377075195
12	45	-0.067341759800910949707
12	46	0.067341759800910949707
12	47	-0.15079303085803985596
12	48	0.15079303085803985596
12	49	0.08345127105712890625
12	50	-0.08345127105712890625
12	51	-0.1046196669340133667
12	52	0.1046196669340133667
12	53	-0.16683517396450042725
12	54	0.16683517396450042725
12	55	0.062215507030487060547
12	56	-0.062215507030487060547
12	57	-0.14189755916595458984
12	58	0.14189755916595458984
12	59	-0.18287730216979980469
12	60	0.18287730216979980469
12	61	0.040979750454425811768
12	62	-0.040979750454425811768
12	63	1
13	0	0.036004483699798583984
13	1	0.0063357055187225341797
13	2	-0.023333080112934112549
13	3	0.02202444709837436676
13	4	-0.0076443366706371307373
13	5	0.043848872184753417969
13	6	0.014180077239871025085
13	7	-0.015488708391785621643
13	8	-0.045157477259635925293
13	9	0.26905199885368347168
13	10	-0.26905199885368347168
13	11	-0.13043907284736633301
13	12	0.13043907284736633301
13	13	0.40949106216430664062
13	14	-0.39949107170104980469
13	15	0.11548133194446563721
13	16	-0.11548133194446563721
13	17	-0.19392368197441101074
13	18	0.19392368197441101074
13	19	0.3094049990177154541
13	20	-0.3094049990177154541
13	21	-0.038089349865913391113
13	22	0.038089349865913391113
13	23	-0.25740826129913330078
13	24	0.25740826129913330078
13	25	0.21931891143321990967
13	26	-0.21931891143321990967
13	27	0.150003090500831604
13	28	-0.150003090500831604
13	29	0.07381810992956161499
13	30	-0.07381810992956161499
13	31	0.076184995472431182861
13	32	-0.076184995472431182861
13	33	-0.0035675801336765289307
13	34	0.0035675801336765289307
13	35	0.010333523154258728027
13	36	-0.010333523154258728027
13	37	-0.01390110701322555542
13	38	0.01390110701322555542
13	39	0.28631284832954406738
13	40	-0.28631284832954406738
13	41	0.0034318193793296813965
13	42	-0.0034318193793296813965
13	43	0.28288105130195617676
13	44	-0.28288105130195617676
13	45	0.13274221122264862061
13	46	-0.13274221122264862061
13	47	-0.060052759945392608643
13	48	0.060052759945392608643
13	49	0.19279496371746063232
13	50	-0.19279496371746063232
13	51	-0.020828470587730407715
13	52	0.020828470587730407715
13	53	-0.12353735417127609253
13	54	0.12353735417127609253
13	55	0.10270889103412628174
13	56	-0.10270889103412628174
13	57	-0.17439910769462585449
13	58	0.17439910769462585449
13	59	-0.1870219111442565918
13	60	0.1870219111442565918
13	61	0.012622833251953125
13	62	-0.012622833251953125
13	63	1
14	0	-0.036004483699798583984
14	1	-0.0063357055187225341797
14	2	0.023333080112934112549
14	3	-0.02202444709837436676
14	4	0.0076443366706371307373
14	5	-0.043848872184753417969
14	6	-0.014180077239871025085
14	7	0.015488708391785621643
14	8	0.045157477259635925293
14	9	-0.26905199885368347168
14	10	0.26905199885368347168
14	11	0.13043907284736633301
14	12	-0.13043907284736633301
14	13	-0.39949107170104980469
14	14	0.40949106216430664062
14	15	-0.11548133194446563721
14	16	0.11548133194446563721
14	17	0.19392368197441101074
14	18	-0.19392368197441101074
14	19	-0.3094049990177154541
14	20	0.3094049990177154541
14	21	0.038089349865913391113
14	22	-0.038089349865913391113
14	23	0.25740826129913330078
14	24	-0.25740826129913330078
14	25	-0.21931891143321990967
14	26	0.21931891143321990967
14	27	-0.150003090500831604
14	28	0.150003090500831604
14	29	-0.07381810992956161499
14	30	0.07381810992956161499
14	31	-0.076184995472431182861
14	32	0.076184995472431182861
14	33	0.0035675801336765289307
14	34	-0.0035675801336765289307
14	35	-0.010333523154258728027
14	36	0.010333523154258728027
14	37	0.01390110701322555542
14	38	-0.01390110701322555542
14	39	-0.28631284832954406738
14	40	0.28631284832954406738
14	41	-0.0034318193793296813965
14	42	0.0034318193793296813965
14	43	-0.28288105130195617676
14	44	0.28288105130195617676
14	45	-0.13274221122264862061
14	46	0.13274221122264862061
14	47	0.060052759945392608643
14	48	-0.060052759945392608643
14	49	-0.19279496371746063232
14	50	0.19279496371746063232
14	51	0.020828470587730407715
14	52	-0.020828470587730407715
14	53	0.12353735417127609253
14	54	-0.12353735417127609253
14	55	-0.10270889103412628174
14	56	0.10270889103412628174
14	57	0.17439910769462585449
14	58	-0.17439910769462585449
14	59	0.1870219111442565918
14	60	-0.1870219111442565918
14	61	-0.012622833251953125
14	62	0.012622833251953125
14	63	1
15	0	-0.067786671221256256104
15	1	-0.062635034322738647461
15	2	-0.057483382523059844971
15	3	0.045119028538465499878
15	4	0.050270669162273406982
15	5	-0.013909630477428436279
15	6	-0.0087579907849431037903
15	7	-0.0036063489969819784164
15	8	0.0015452939551323652267
15	9	0.18022242188453674316
15	10	-0.18022242188453674316
15	11	0.064741089940071105957
15	12	-0.064741089940071105957
15	13	0.11548133194446563721
15	14	-0.11548133194446563721
15	15	0.16829064488410949707
15	16	-0.15829063951969146729
15	17	0.055846262723207473755
15	18	-0.055846262723207473755
15	19	0.10244437307119369507
15	20	-0.10244437307119369507
15	21	0.13635885715484619141
15	22	-0.13635885715484619141
15	23	0.046951439231634140015
15	24	-0.046951439231634140015
15	25	0.089407429099082946777
15	26	-0.089407429099082946777
15	27	0.18501365184783935547
15	28	-0.18501365184783935547
15	29	0.10821022093296051025
15	30	-0.10821022093296051025
15	31	0.076803438365459442139
15	32	-0.076803438365459442139
15	33	0.16308188438415527344
15	34	-0.16308188438415527344
15	35	0.099315404891967773438
15	36	-0.099315404891967773438
15	37	0.063766486942768096924
15	38	-0.063766486942768096924
15	39	0.19358393549919128418
15	40	-0.19358393549919128418
15	41	0.090923070907592773438
15	42	-0.090923070907592773438
15	43	0.10266085714101791382
15	44	-0.10266085714101791382
15	45	0.1716521531343460083
15	46	-0.1716521531343460083
15	47	0.082028247416019439697
15	48	-0.082028247416019439697
15	49	0.089623905718326568604
15	50	-0.089623905718326568604
15	51	0.14972037076950073242
15	52	-0.14972037076950073242
15	53	0.073133423924446105957
15	54	-0.073133423924446105957
15	55	0.076586954295635223389
15	56	-0.076586954295635223389
15	57	0.12778861820697784424
15	58	-0.12778861820697784424
15	59	0.064238607883453369141
15	60	-0.064238607883453369141
15	61	0.063550010323524475098
15	62	-0.063550010323524475098
15	64	1
16	0	0.067786671221256256104
16	1	0.062635034322738647461
16	2	0.057483382523059844971
16	3	-0.045119028538465499878
16	4	-0.050270669162273406982
16	5	0.013909630477428436279
16	6	0.0087579907849431037903
16	7	0.0036063489969819784164
16	8	-0.0015452939551323652267
16	9	-0.18022242188453674316
16	10	0.18022242188453674316
16	11	-0.064741089940071105957
16	12	0.064741089940071105957
16	13	-0.11548133194446563721
16	14	0.11548133194446563721
16	15	-0.15829063951969146729
16	16	0.16829064488410949707
16	17	-0.055846262723207473755
16	18	0.055846262723207473755
16	19	-0.10244437307119369507
16	20	0.10244437307119369507
16	21	-0.13635885715484619141
16	22	0.13635885715484619141
16	23	-0.046951439231634140015
16	24	0.046951439231634140015
16	25	-0.089407429099082946777
16	26	0.089407429099082946777
16	27	-0.18501365184783935547
16	28	0.18501365184783935547
16	29	-0.10821022093296051025
16	30	0.10821022093296051025
16	31	-0.076803438365459442139
16	32	0.076803438365459442139
16	33	-0.16308188438415527344
16	34	0.16308188438415527344
16	35	-0.099315404891967773438
16	36	0.099315404891967773438
16	37	-0.063766486942768096924
16	38	0.063766486942768096924
16	39	-0.19358393549919128418
16	40	0.19358393549919128418
16	41	-0.090923070907592773438
16	42	0.090923070907592773438
16	43	-0.10266085714101791382
16	44	0.10266085714101791382
16	45	-0.1716521531343460083
16	46	0.1716521531343460083
16	47	-0.082028247416019439697
16	48	0.082028247416019439697
16	49	-0.089623905718326568604
16	50	0.089623905718326568604
16	51	-0.14972037076950073242
16	52	0.14972037076950073242
16	53	-0.073133423924446105957
16	54	0.073133423924446105957
16	55	-0.076586954295635223389
16	56	0.076586954295635223389
16	57	-0.12778861820697784424
16	58	0.12778861820697784424
16	59	-0.064238607883453369141
16	60	0.064238607883453369141
16	61	-0.063550010323524475098
16	62	0.063550010323524475098
16	64	1
17	0	-0.09969832003116607666
17	1	-0.059647761285305023193
17	2	-0.019597185775637626648
17	3	0.010908411815762519836
17	4	0.050958979874849319458
17	5	-0.064420238137245178223
17	6	-0.024369666352868080139
17	7	0.015680903568863868713
17	8	0.055731460452079772949
17	9	-0.019979260861873626709
17	10	0.019979260861873626709
17	11	0.17394441366195678711
17	12	-0.17394441366195678711
17	13	-0.19392368197441101074
17	14	0.19392368197441101074
17	15	0.055846262723207473755
17	16	-0.055846262723207473755
17	17	0.21575407683849334717
17	18	-0.20575407147407531738
17	19	-0.14990781247615814209
17	20	0.14990781247615814209
17	21	0.13167178630828857422
17	22	-0.13167178630828857422
17	23	0.2375637441873550415
17	24	-0.2375637441873550415
17	25	-0.10589194297790527344
17	26	0.10589194297790527344
17	27	0.055767539888620376587
17	28	-0.055767539888620376587
17	29	0.090780586004257202148
17	30	-0.090780586004257202148
17	31	-0.035013049840927124023
17	32	0.035013049840927124023
17	33	0.1315930783748626709
17	34	-0.1315930783748626709
17	35	0.12259025126695632935
17	36	-0.12259025126695632935
17	37	0.0090028196573257446289
17	38	-0.0090028196573257446289
17	39	-0.020018614828586578369
17	40	0.020018614828586578369
17	41	0.11645766347646713257
17	42	-0.11645766347646713257
17	43	-0.13647627830505371094
17	44	0.13647627830505371094
17	45	0.055806905031204223633
17	46	-0.055806905031204223633
17	47	0.14826732873916625977
17	48	-0.14826732873916625977
17	49	-0.092460423707962036133
17	50	0.092460423707962036133
17	51	0.13163244724273681641
17	52	-0.13163244724273681641
17	53	0.18007698655128479004
17	54	-0.18007698655128479004
17	55	-0.048444561660289764404
17	56	0.048444561660289764404
17	57	0.20745792984962463379
17	58	-0.20745792984962463379
17	59	0.21188664436340332031
17	60	-0.21188664436340332031
17	61	-0.0044286996126174926758
17	62	0.0044286996126174926758
17	64	1
18	0	0.09969832003116607666
18	1	0.059647761285305023193
18	2	0.019597185775637626648
18	3	-0.010908411815762519836
18	4	-0.050958979874849319458
18	5	0.064420238137245178223
18	6	0.024369666352868080139
18	7	-0.015680903568863868713
18	8	-0.055731460452079772949
18	9	0.019979260861873626709
18	10	-0.019979260861873626709
18	11	-0.17394441366195678711
18	12	0.17394441366195678711
18	13	0.19392368197441101074
18	14	-0.19392368197441101074
18	15	-0.055846262723207473755
18	16	0.055846262723207473755
18	17	-0.20575407147407531738
18	18	0.21575407683849334717
18	19	0.14990781247615814209
18	20	-0.14990781247615814209
18	21	-0.13167178630828857422
18	22	0.13167178630828857422
18	23	-0.2375637441873550415
18	24	0.2375637441873550415
18	25	0.10589194297790527344
18	26	-0.10589194297790527344
18	27	-0.055767539888620376587
18	28	0.055767539888620376587
18	29	-0.090780586004257202148
18	30	0.090780586004257202148
18	31	0.035013049840927124023
18	32	-0.035013049840927124023
18	33	-0.1315930783748626709
18	34	0.1315930783748626709
18	35	-0.12259025126695632935
18	36	0.12259025126695632935
18	37	-0.0090028196573257446289
18	38	0.0090028196573257446289
18	39	0.020018614828586578369
18	40	-0.020018614828586578369
18	41	-0.11645766347646713257
18	42	0.11645766347646713257
18	43	0.13647627830505371094
18	44	-0.13647627830505371094
18	45	-0.055806905031204223633
18	46	0.055806905031204223633
18	47	-0.14826732873916625977
18	48	0.14826732873916625977
18	49	0.092460423707962036133
18	50	-0.092460423707962036133
18	51	-0.13163244724273681641
18	52	0.13163244724273681641
18	53	-0.18007698655128479004
18	54	0.18007698655128479004
18	55	0.048444561660289764404
18	56	-0.048444561660289764404
18	57	-0.20745792984962463379
18	58	0.20745792984962463379
18	59	-0.21188664436340332031
18	60	0.21188664436340332031
18	61	0.0044286996126174926758
18	62	-0.0044286996126174926758
18	64	1
19	0	0.031911648809909820557
19	1	-0.0029872730374336242676
19	2	-0.037886194884777069092
19	3	0.034210614860057830811
19	4	-0.00068830884993076324463
19	5	0.050510603934526443481
19	6	0.015611674636602401733
19	7	-0.019287252798676490784
19	8	-0.054186161607503890991
19	9	0.2002016603946685791
19	10	-0.2002016603946685791
19	11	-0.10920332372188568115
19	12	0.10920332372188568115
19	13	0.3094049990177154541
19	14	-0.3094049990177154541
19	15	0.10244437307119369507
19	16	-0.10244437307119369507
19	17	-0.14990781247615814209
19	18	0.14990781247615814209
19	19	0.26235216856002807617
19	20	-0.25235217809677124023
19	21	0.0046870782971382141113
19	22	-0.0046870782971382141113
19	23	-0.19061228632926940918
19	24	0.19061228632926940918
19	25	0.19529935717582702637
19	26	-0.19529935717582702637
19	27	0.12924611568450927734
19	28	-0.12924611568450927734
19	29	0.017429620027542114258
19	30	-0.017429620027542114258
19	31	0.11181649565696716309
19	32	-0.11181649565696716309
19	33	0.031488824635744094849
19	34	-0.031488824635744094849
19	35	-0.023274855688214302063
19	36	0.023274855688214302063
19	37	0.054763682186603546143
19	38	-0.054763682186603546143
19	39	0.21360251307487487793
19	40	-0.21360251307487487793
19	41	-0.025534596294164657593
19	42	0.025534596294164657593
19	43	0.23913712799549102783
19	44	-0.23913712799549102783
19	45	0.11584524065256118774
19	46	-0.11584524065256118774
19	47	-0.066239073872566223145
19	48	0.066239073872566223145
19	49	0.18208432197570800781
19	50	-0.18208432197570800781
19	51	0.018087953329086303711
19	52	-0.018087953329086303711
19	53	-0.10694356262683868408
19	54	0.10694356262683868408
19	55	0.12503151595592498779
19	56	-0.12503151595592498779
19	57	-0.079669319093227386475
19	58	0.079669319093227386475
19	59	-0.14764803647994995117
19	60	0.14764803647994995117
19	61	0.067978717386722564697
19	62	-0.067978717386722564697
19	64	1
20	0	-0.031911648809909820557
20	1	0.0029872730374336242676
20	2	0.037886194884777069092
20	3	-0.034210614860057830811
20	4	0.00068830884993076324463
20	5	-0.050510603934526443481
20	6	-0.015611674636602401733
20	7	0.019287252798676490784
20	8	0.054186161607503890991
