2022-06-27 06:33:15.349199+0200 HaradaExperiment[2278:239086] Metal GPU Frame Capture Enabled
2022-06-27 06:33:15.349484+0200 HaradaExperiment[2278:239086] Metal API Validation Enabled
loaded: duck-color from asset catalog
loaded: duck-color from asset catalog


iteration: 0


iteration: 1


iteration: 2


iteration: 3


iteration: 4


iteration: 5


iteration: 6


iteration: 7


iteration: 8


iteration: 9


iteration: 10


iteration: 11


iteration: 12


iteration: 13


iteration: 14


iteration: 15


iteration: 16


iteration: 17


iteration: 18


iteration: 19


iteration: 20


iteration: 21


iteration: 22


iteration: 23


iteration: 24


iteration: 25


iteration: 26


iteration: 27


iteration: 28


iteration: 29


iteration: 30


iteration: 31


iteration: 32


iteration: 33


iteration: 34


iteration: 35


iteration: 36


iteration: 37


iteration: 38


iteration: 39


iteration: 40


iteration: 41


iteration: 42


iteration: 43


iteration: 44


iteration: 45


iteration: 46


iteration: 47


iteration: 48


iteration: 49


iteration: 50


iteration: 51


iteration: 52


iteration: 53


iteration: 54


iteration: 55


iteration: 56


iteration: 57


iteration: 58


iteration: 59


iteration: 60


iteration: 61


iteration: 62


iteration: 63


iteration: 64


iteration: 65


iteration: 66


iteration: 67


iteration: 68


iteration: 69


iteration: 70


iteration: 71


iteration: 72


iteration: 73


iteration: 74


iteration: 75


iteration: 76


iteration: 77


iteration: 78


iteration: 79


iteration: 80


iteration: 81


iteration: 82


iteration: 83


iteration: 84


iteration: 85


iteration: 86


iteration: 87


iteration: 88


iteration: 89


iteration: 90


iteration: 91


iteration: 92


iteration: 93


iteration: 94


iteration: 95


iteration: 96


iteration: 97


iteration: 98


iteration: 99


iteration: 100


iteration: 101


iteration: 102


iteration: 103


iteration: 104


iteration: 105


iteration: 106


iteration: 107


iteration: 108


iteration: 109


iteration: 110


iteration: 111


iteration: 112


iteration: 113


iteration: 114


iteration: 115


iteration: 116


iteration: 117


iteration: 118


iteration: 119


iteration: 120


iteration: 121


iteration: 122


iteration: 123


iteration: 124


iteration: 125


iteration: 126


iteration: 127


iteration: 128


iteration: 129


iteration: 130


iteration: 131


iteration: 132


iteration: 133


iteration: 134


iteration: 135


iteration: 136


iteration: 137


iteration: 138


iteration: 139


iteration: 140


iteration: 141


iteration: 142


iteration: 143


iteration: 144


iteration: 145


iteration: 146


iteration: 147


iteration: 148


iteration: 149


iteration: 150


iteration: 151


iteration: 152


iteration: 153


iteration: 154


iteration: 155


iteration: 156


iteration: 157


iteration: 158


iteration: 159


iteration: 160


iteration: 161


iteration: 162


iteration: 163


iteration: 164


iteration: 165


iteration: 166


iteration: 167


iteration: 168


iteration: 169


iteration: 170


iteration: 171


iteration: 172


iteration: 173


iteration: 174


iteration: 175


iteration: 176


iteration: 177


iteration: 178


iteration: 179


iteration: 180


iteration: 181


iteration: 182


iteration: 183


iteration: 184


iteration: 185


iteration: 186


iteration: 187


iteration: 188


iteration: 189


iteration: 190


iteration: 191


iteration: 192


iteration: 193


iteration: 194


iteration: 195


iteration: 196


iteration: 197


iteration: 198


iteration: 199


iteration: 200


iteration: 201


iteration: 202


iteration: 203


iteration: 204


iteration: 205


iteration: 206


iteration: 207


iteration: 208


iteration: 209


iteration: 210


iteration: 211


iteration: 212


iteration: 213


iteration: 214


iteration: 215


iteration: 216


iteration: 217


iteration: 218


iteration: 219


iteration: 220


iteration: 221


iteration: 222


iteration: 223


iteration: 224


iteration: 225


iteration: 226


iteration: 227


iteration: 228


iteration: 229


iteration: 230


iteration: 231


iteration: 232


iteration: 233


iteration: 234


iteration: 235


iteration: 236


iteration: 237


iteration: 238


iteration: 239


iteration: 240


iteration: 241


iteration: 242


iteration: 243


iteration: 244


iteration: 245


iteration: 246


iteration: 247


iteration: 248


iteration: 249


iteration: 250


iteration: 251


iteration: 252


iteration: 253


iteration: 254


iteration: 255


iteration: 256


iteration: 257


iteration: 258


iteration: 259


iteration: 260


iteration: 261


iteration: 262


iteration: 263


iteration: 264


iteration: 265


iteration: 266


iteration: 267


iteration: 268


iteration: 269


iteration: 270


iteration: 271


iteration: 272


iteration: 273


iteration: 274


iteration: 275


iteration: 276


iteration: 277


iteration: 278


iteration: 279


iteration: 280


iteration: 281


iteration: 282


iteration: 283


iteration: 284


iteration: 285


iteration: 286


iteration: 287


iteration: 288


iteration: 289


iteration: 290


iteration: 291


iteration: 292


iteration: 293


iteration: 294


iteration: 295


iteration: 296


iteration: 297


iteration: 298


iteration: 299


iteration: 300


iteration: 301


iteration: 302


iteration: 303


iteration: 304


iteration: 305


iteration: 306


iteration: 307


iteration: 308


iteration: 309


iteration: 310


iteration: 311


iteration: 312


iteration: 313


iteration: 314


iteration: 315


iteration: 316


iteration: 317


iteration: 318


iteration: 319


iteration: 320


iteration: 321


iteration: 322


iteration: 323


iteration: 324


iteration: 325


iteration: 326


iteration: 327


iteration: 328


iteration: 329


iteration: 330


iteration: 331


iteration: 332


iteration: 333


iteration: 334


iteration: 335


iteration: 336


iteration: 337


iteration: 338


iteration: 339


iteration: 340


iteration: 341


iteration: 342


iteration: 343


iteration: 344


iteration: 345


iteration: 346


iteration: 347


iteration: 348


iteration: 349


iteration: 350


iteration: 351


iteration: 352


iteration: 353


iteration: 354


iteration: 355


iteration: 356


iteration: 357


iteration: 358


iteration: 359


iteration: 360


iteration: 361


iteration: 362


iteration: 363


iteration: 364


iteration: 365


iteration: 366


iteration: 367


iteration: 368


iteration: 369


iteration: 370


iteration: 371


iteration: 372


iteration: 373


iteration: 374


iteration: 375


iteration: 376


iteration: 377


iteration: 378


iteration: 379


iteration: 380


iteration: 381


iteration: 382


iteration: 383


iteration: 384


iteration: 385


iteration: 386


iteration: 387


iteration: 388


iteration: 389


iteration: 390


iteration: 391


iteration: 392


iteration: 393


iteration: 394


iteration: 395


iteration: 396


iteration: 397


iteration: 398


iteration: 399


iteration: 400


iteration: 401


iteration: 402


iteration: 403


iteration: 404


iteration: 405


iteration: 406


iteration: 407


iteration: 408


iteration: 409


iteration: 410


iteration: 411


iteration: 412


iteration: 413


iteration: 414


iteration: 415


iteration: 416


iteration: 417


iteration: 418


iteration: 419


iteration: 420


iteration: 421


iteration: 422


iteration: 423


iteration: 424


iteration: 425


iteration: 426


iteration: 427


iteration: 428


iteration: 429


iteration: 430


iteration: 431


iteration: 432


iteration: 433


iteration: 434


iteration: 435


iteration: 436


iteration: 437


iteration: 438


iteration: 439


iteration: 440


iteration: 441


iteration: 442


iteration: 443


iteration: 444


iteration: 445


iteration: 446


iteration: 447


iteration: 448


iteration: 449


iteration: 450


iteration: 451


iteration: 452


iteration: 453


iteration: 454


iteration: 455


iteration: 456


iteration: 457


iteration: 458


iteration: 459


iteration: 460


iteration: 461


iteration: 462


iteration: 463


iteration: 464


iteration: 465


iteration: 466


iteration: 467


iteration: 468


iteration: 469


iteration: 470


iteration: 471


iteration: 472


iteration: 473


iteration: 474


iteration: 475


iteration: 476


iteration: 477


iteration: 478


iteration: 479


iteration: 480


iteration: 481


iteration: 482


iteration: 483


iteration: 484


iteration: 485


iteration: 486


iteration: 487


iteration: 488


iteration: 489


iteration: 490


iteration: 491


iteration: 492


iteration: 493


iteration: 494


iteration: 495


iteration: 496


iteration: 497


iteration: 498


iteration: 499


iteration: 500


iteration: 501


iteration: 502


iteration: 503


iteration: 504


iteration: 505


iteration: 506


iteration: 507


iteration: 508


iteration: 509


iteration: 510


iteration: 511


iteration: 512


iteration: 513


iteration: 514


iteration: 515


iteration: 516


iteration: 517


iteration: 518


iteration: 519


iteration: 520


iteration: 521


iteration: 522


iteration: 523


iteration: 524


iteration: 525


iteration: 526


iteration: 527


iteration: 528


iteration: 529


iteration: 530


iteration: 531


iteration: 532


iteration: 533


iteration: 534


iteration: 535


iteration: 536


iteration: 537


iteration: 538


iteration: 539


iteration: 540


iteration: 541


iteration: 542


iteration: 543


iteration: 544


iteration: 545


iteration: 546


iteration: 547


iteration: 548


iteration: 549


iteration: 550


iteration: 551


iteration: 552


iteration: 553


iteration: 554


iteration: 555


iteration: 556


iteration: 557


iteration: 558


iteration: 559


iteration: 560


iteration: 561


iteration: 562


iteration: 563


iteration: 564


iteration: 565


iteration: 566


iteration: 567


iteration: 568


iteration: 569


iteration: 570


iteration: 571


iteration: 572


iteration: 573


iteration: 574


iteration: 575


iteration: 576


iteration: 577


iteration: 578


iteration: 579


iteration: 580


iteration: 581


iteration: 582


iteration: 583


iteration: 584


iteration: 585


iteration: 586


iteration: 587


iteration: 588


iteration: 589


iteration: 590


iteration: 591


iteration: 592


iteration: 593


iteration: 594


iteration: 595


iteration: 596


iteration: 597


iteration: 598


iteration: 599


iteration: 600


iteration: 601


iteration: 602


iteration: 603


iteration: 604


iteration: 605


iteration: 606


iteration: 607


iteration: 608


iteration: 609


iteration: 610


iteration: 611


iteration: 612


iteration: 613


iteration: 614


iteration: 615


iteration: 616


iteration: 617


iteration: 618


iteration: 619


iteration: 620


iteration: 621


iteration: 622


iteration: 623


iteration: 624


iteration: 625


iteration: 626


iteration: 627


iteration: 628


iteration: 629


iteration: 630


iteration: 631


iteration: 632


iteration: 633


iteration: 634


iteration: 635


iteration: 636


iteration: 637


iteration: 638


iteration: 639


iteration: 640


iteration: 641


iteration: 642


iteration: 643


iteration: 644


iteration: 645


iteration: 646


iteration: 647


iteration: 648


iteration: 649


iteration: 650


iteration: 651


iteration: 652


iteration: 653


iteration: 654


iteration: 655


iteration: 656


iteration: 657


iteration: 658


iteration: 659


iteration: 660


iteration: 661


iteration: 662


iteration: 663


iteration: 664


iteration: 665


iteration: 666


iteration: 667


iteration: 668


iteration: 669


iteration: 670


iteration: 671


iteration: 672


iteration: 673


iteration: 674


iteration: 675


iteration: 676


iteration: 677


iteration: 678


iteration: 679


iteration: 680


iteration: 681


iteration: 682


iteration: 683


iteration: 684


iteration: 685


iteration: 686


iteration: 687


iteration: 688


iteration: 689


iteration: 690


iteration: 691


iteration: 692


iteration: 693


iteration: 694


iteration: 695


iteration: 696


iteration: 697


iteration: 698


iteration: 699


iteration: 700


iteration: 701


iteration: 702


iteration: 703


iteration: 704


iteration: 705


iteration: 706


iteration: 707


iteration: 708


iteration: 709


iteration: 710


iteration: 711


iteration: 712


iteration: 713


iteration: 714


iteration: 715


iteration: 716


iteration: 717


iteration: 718


iteration: 719


iteration: 720


iteration: 721


iteration: 722


iteration: 723


iteration: 724


iteration: 725


iteration: 726


iteration: 727


iteration: 728


iteration: 729


iteration: 730


iteration: 731


iteration: 732


iteration: 733


iteration: 734


iteration: 735


iteration: 736


iteration: 737


iteration: 738


iteration: 739


iteration: 740


iteration: 741


iteration: 742


iteration: 743


iteration: 744


iteration: 745


iteration: 746


iteration: 747


iteration: 748


iteration: 749


iteration: 750


iteration: 751


iteration: 752


iteration: 753


iteration: 754


iteration: 755


iteration: 756


iteration: 757


iteration: 758


iteration: 759


iteration: 760


iteration: 761


iteration: 762


iteration: 763


iteration: 764


iteration: 765


iteration: 766


iteration: 767


iteration: 768


iteration: 769


iteration: 770


iteration: 771


iteration: 772


iteration: 773


iteration: 774


iteration: 775


iteration: 776


iteration: 777


iteration: 778


iteration: 779


iteration: 780


iteration: 781


iteration: 782


iteration: 783


iteration: 784


iteration: 785


iteration: 786


iteration: 787


iteration: 788


iteration: 789


iteration: 790


iteration: 791


iteration: 792


iteration: 793


iteration: 794


iteration: 795


iteration: 796


iteration: 797


iteration: 798


iteration: 799


iteration: 800


iteration: 801


iteration: 802


iteration: 803


iteration: 804


iteration: 805


iteration: 806


iteration: 807


iteration: 808


iteration: 809


iteration: 810


iteration: 811


iteration: 812


iteration: 813


iteration: 814


iteration: 815


iteration: 816


iteration: 817


iteration: 818


iteration: 819


iteration: 820


iteration: 821


iteration: 822


iteration: 823


iteration: 824


iteration: 825


iteration: 826


iteration: 827


iteration: 828


iteration: 829


iteration: 830


iteration: 831


iteration: 832


iteration: 833


iteration: 834


iteration: 835


iteration: 836


iteration: 837


iteration: 838


iteration: 839


iteration: 840


iteration: 841


iteration: 842


iteration: 843
generating sample matrix BEGIN
0	0	0.14718511700630187988
0	1	0.033237311989068984985
0	2	0.024406952783465385437
0	3	0.046634566038846969604
0	263	-0.029662137851119041443
0	264	-0.032909594476222991943
0	265	-0.0044350828975439071655
0	352	-0.050985425710678100586
0	353	-0.084125801920890808105
1	0	0.033237311989068984985
1	1	0.24871699512004852295
1	2	0.057810075581073760986
1	3	0.14801014959812164307
1	263	-0.25983217358589172363
1	264	-0.133748665452003479
1	265	-0.004115797579288482666
1	352	0.20519073307514190674
1	353	0.13600140810012817383
2	0	0.024406952783465385437
2	1	0.057810075581073760986
2	2	0.20157684385776519775
2	3	0.16155256330966949463
2	263	-0.045313049107789993286
2	264	-0.18434292078018188477
2	265	-0.12794381380081176758
2	352	0.032545223832130432129
2	353	0.018712924793362617493
3	0	0.046634566038846969604
3	1	0.14801014959812164307
3	2	0.16155256330966949463
3	3	0.20157633721828460693
3	263	-0.15099820494651794434
3	264	-0.20786824822425842285
3	265	-0.067345388233661651611
3	352	0.13820526003837585449
3	353	0.078805528581142425537
4	4	0.14023089408874511719
4	5	0.024672873318195343018
4	74	0.1004658043384552002
4	100	-0.012964116409420967102
4	455	-0.086014665663242340088
4	456	-0.076309546828269958496
5	4	0.024672873318195343018
5	5	0.24932615458965301514
5	74	0.0025005005300045013428
5	100	-0.10070297122001647949
5	455	0.019393907859921455383
5	456	-0.075300954282283782959
6	6	0.14183934032917022705
6	7	0.098969243466854095459
6	8	0.091490656137466430664
6	9	0.058620568364858627319
6	10	0.0096206869930028915405
6	25	0.010828979313373565674
6	26	0.049216449260711669922
6	320	0.041540779173374176025
6	477	-0.047508053481578826904
7	6	0.098969243466854095459
7	7	0.14289788901805877686
7	8	0.041847255080938339233
7	9	0.075775891542434692383
7	10	-0.019236460328102111816
7	25	0.06235772743821144104
7	26	0.037396486848592758179
7	320	-0.03607127070426940918
7	477	-0.067174680531024932861
8	6	0.091490656137466430664
8	7	0.041847255080938339233
8	8	0.25521877408027648926
8	9	0.1955753713846206665
8	10	0.034755539149045944214
8	25	-0.1236187368631362915
8	26	-0.097053520381450653076
8	320	0.098070055246353149414
8	477	-0.10652855038642883301
9	6	0.058620568364858627319
9	7	0.075775891542434692383
9	8	0.1955753713846206665
9	9	0.22273071110248565674
9	10	0.0058983918279409408569
9	25	-0.072089985013008117676
9	26	-0.10887348651885986328
9	320	0.020457999780774116516
9	477	-0.12619517743587493896
10	6	0.0096206869930028915405
10	7	-0.019236460328102111816
10	8	0.034755539149045944214
10	9	0.0058983918279409408569
10	10	0.18386991322040557861
10	25	0.046993151307106018066
10	26	-0.096074312925338745117
10	320	-0.049828220158815383911
10	477	0.010244017466902732849
11	11	0.20128332078456878662
11	12	0.16178113222122192383
11	13	0.14721125364303588867
11	14	0.11770915985107421875
11	15	0.073637142777442932129
11	16	0.044134963303804397583
11	17	0.016138296574354171753
11	18	0.017591806128621101379
11	19	0.03367517516016960144
11	20	0.049758527427911758423
11	21	-0.040109228342771530151
11	591	-0.066890716552734375
11	592	-0.044751577079296112061
11	593	-0.022961646318435668945
12	11	0.16178113222122192383
12	12	0.20232154428958892822
12	13	0.057670827955007553101
12	14	0.088211305439472198486
12	15	-0.015899032354354858398
12	16	0.014641374349594116211
12	17	-0.017047040164470672607
12	18	0.017514312639832496643
12	19	0.033590782433748245239
12	20	0.049667239189147949219
12	21	-0.040038190782070159912
12	591	-0.038186259567737579346
12	592	-0.071573927998542785645
12	593	-0.10497860610485076904
13	11	0.14721125364303588867
13	12	0.057670827955007553101
13	13	0.2467533499002456665
13	14	0.14721290767192840576
13	15	0.2367550581693649292
13	16	0.14721462130546569824
13	17	0.049488719552755355835
13	18	0.00011363050725776702166
13	19	0.00012214890739414840937
13	20	0.00013066726387478411198
13	21	-0.00010153554467251524329
13	591	-0.13842976093292236328
13	592	-0.055346637964248657227
13	593	0.027252979576587677002
14	11	0.11770915985107421875
14	12	0.088211305439472198486
14	13	0.14721290767192840576
14	14	0.12771505117416381836
14	15	0.14721882343292236328
14	16	0.11772096902132034302
14	17	0.016303382813930511475
14	18	3.6157136491965502501e-05
14	19	3.7793743103975430131e-05
14	20	3.943034607800655067e-05
14	21	-3.0534469260601326823e-05
14	591	-0.10972527414560317993
14	592	-0.082168951630592346191
14	593	-0.054763954132795333862
15	11	0.073637142777442932129
15	12	-0.015899032354354858398
15	13	0.2367550581693649292
15	14	0.14721882343292236328
15	15	0.32033681869506835938
15	16	0.22080066800117492676
15	17	0.049653839319944381714
15	18	-0.017442017793655395508
15	19	-0.03351522982120513916
15	20	-0.049588430672883987427
15	21	0.039977155625820159912
15	591	-0.18126437067985534668
15	592	-0.092763975262641906738
15	593	-0.004549242556095123291
16	11	0.044134963303804397583
16	12	0.014641374349594116211
16	13	0.14721462130546569824
16	14	0.11772096902132034302
16	15	0.22080066800117492676
16	16	0.20130707323551177979
16	17	0.016468502581119537354
16	18	-0.01751950383186340332
16	19	-0.033599615097045898438
16	20	-0.049679707735776901245
16	21	0.040048193186521530151
16	591	-0.1525599062442779541
16	592	-0.11958633363246917725
16	593	-0.086566209793090820312
17	11	0.016138296574354171753
17	12	-0.017047040164470672607
17	13	0.049488719552755355835
17	14	0.016303382813930511475
17	15	0.049653839319944381714
17	16	0.016468502581119537354
17	17	0.13156650960445404053
17	18	0.00054722942877560853958
17	19	0.0001500252983532845974
17	20	-0.00024717845371924340725
17	21	0.00023493506887461990118
17	591	-0.015382589772343635559
17	592	0.015468237921595573425
17	593	0.046140968799591064453
18	11	0.017591806128621101379
18	12	0.017514312639832496643
18	13	0.00011363050725776702166
18	14	3.6157136491965502501e-05
18	15	-0.017442017793655395508
18	16	-0.01751950383186340332
18	17	0.00054722942877560853958
18	18	0.32568848133087158203
18	19	0.18009811639785766602
18	20	0.044507849961519241333
18	21	0.16366866230964660645
18	591	-0.055372267961502075195
18	592	-0.0043000392615795135498
18	593	0.048557210713624954224
19	11	0.03367517516016960144
19	12	0.033590782433748245239
19	13	0.00012214890739414840937
19	14	3.7793743103975430131e-05
19	15	-0.03351522982120513916
19	16	-0.033599615097045898438
19	17	0.0001500252983532845974
19	18	0.18009811639785766602
19	19	0.15136002004146575928
19	20	0.10262193530797958374
19	21	0.10804330557584762573
19	591	-0.028155928477644920349
19	592	-0.013719968497753143311
19	593	0.0012209601700305938721
20	11	0.049758527427911758423
20	12	0.049667239189147949219
20	13	0.00013066726387478411198
20	14	3.943034607800655067e-05
20	15	-0.049588430672883987427
20	16	-0.049679707735776901245
20	17	-0.00024717845371924340725
20	18	0.044507849961519241333
20	19	0.10262193530797958374
20	20	0.170735970139503479
20	21	0.052418004721403121948
20	591	-0.00093961134552955627441
20	592	-0.023139888420701026917
20	593	-0.046115238219499588013
21	11	-0.040109228342771530151
21	12	-0.040038190782070159912
21	13	-0.00010153554467251524329
21	14	-3.0534469260601326823e-05
21	15	0.039977155625820159912
21	16	0.040048193186521530151
21	17	0.00023493506887461990118
21	18	0.16366866230964660645
21	19	0.10804330557584762573
21	20	0.052418004721403121948
21	21	0.15858580172061920166
21	591	-0.0711458548903465271
21	592	-0.051127720624208450317
21	593	-0.030395256355404853821
22	22	0.13560763001441955566
22	23	0.085703641176223754883
22	24	0.045799661427736282349
22	106	0.10086548328399658203
22	107	-0.081755943596363067627
22	108	0.077978670597076416016
22	237	0.045261815190315246582
22	271	-0.0097299367189407348633
22	272	-0.13019494712352752686
22	273	-0.092519842088222503662
23	22	0.085703641176223754883
23	23	0.12701340019702911377
23	24	0.14832314848899841309
23	106	0.061948023736476898193
23	107	-0.054746456444263458252
23	108	0.078660130500793457031
23	237	0.052535969763994216919
23	271	-0.098711550235748291016
23	272	-0.069558851420879364014
23	273	-0.11320479214191436768
24	22	0.045799661427736282349
24	23	0.14832314848899841309
24	24	0.26084664463996887207
24	106	0.023030560463666915894
24	107	-0.027736969292163848877
24	108	0.079341597855091094971
24	237	0.059810128062963485718
24	271	-0.18769314885139465332
24	272	-0.0089227557182312011719
24	273	-0.13388974964618682861
25	6	0.010828979313373565674
25	7	0.06235772743821144104
25	8	-0.1236187368631362915
25	9	-0.072089985013008117676
25	10	0.046993151307106018066
25	25	0.47749149799346923828
25	26	0.16215637326240539551
25	27	0.03390399739146232605
25	28	0.073064930737018585205
25	57	-0.013168618083000183105
25	58	-0.023079637438058853149
25	320	-0.15248167514801025391
25	467	0.052676863968372344971
25	468	0.0070085301995277404785
25	469	0.26563784480094909668
25	470	0.01431354135274887085
25	471	-0.24888424575328826904
25	477	-0.036361396312713623047
26	6	0.049216449260711669922
26	7	0.037396486848592758179
26	8	-0.097053520381450653076
26	9	-0.10887348651885986328
26	10	-0.096074312925338745117
26	25	0.16215637326240539551
26	26	0.52129369974136352539
26	27	0.01137661375105381012
26	28	-0.007536573801189661026
26	57	-0.024448804557323455811
26	58	-0.16048485040664672852
26	320	-0.0026043877005577087402
26	467	0.28350862860679626465
26	468	0.050340965390205383301
26	469	0.049830567091703414917
26	470	-0.24566727876663208008
26	471	-0.18780031800270080566
26	477	-0.032073549926280975342
27	25	0.03390399739146232605
27	26	0.01137661375105381012
27	27	0.13785533607006072998
27	28	0.16091902554035186768
27	57	0.025898344814777374268
27	58	-0.024720843881368637085
27	467	-0.0059078205376863479614
27	468	-0.10911231487989425659
27	469	0.043698515743017196655
27	470	-0.054291699081659317017
27	471	-0.09051463007926940918
28	25	0.073064930737018585205
28	26	-0.007536573801189661026
28	27	0.16091902554035186768
28	28	0.27159541845321655273
28	57	0.014556908048689365387
28	58	-0.030792370438575744629
28	467	-0.029456306248903274536
28	468	-0.14178884029388427734
28	469	0.14075769484043121338
28	470	-0.030860746279358863831
28	471	-0.10692960023880004883
29	29	0.13447552919387817383
29	30	0.14963401854038238525
29	177	0.040850102901458740234
29	245	-0.030624307692050933838
29	246	0.11501175165176391602
29	350	0.010722590610384941101
29	520	-0.06750316917896270752
30	29	0.14963401854038238525
30	30	0.25178852677345275879
30	177	0.093942016363143920898
30	245	-0.046269010752439498901
30	246	0.13386680185794830322
30	350	0.066163308918476104736
30	520	-0.10971346497535705566
31	31	0.25662854313850402832
31	32	0.091862663626670837402
31	33	0.042151585221290588379
31	34	-0.0075594410300254821777
31	35	0.028104536235332489014
31	36	0.045380100607872009277
31	37	-0.12654255330562591553
31	38	-0.10926698148250579834
31	39	-0.091991439461708068848
31	40	0.05782847478985786438
31	41	0.034008108079433441162
31	42	0.03535175323486328125
31	43	0.011531431227922439575
31	44	-0.012288923375308513641
31	45	-0.036109294742345809937
31	46	-0.010945292189717292786
31	47	-0.034765601158142089844
31	48	-0.058585967868566513062
31	240	0.034518960863351821899
31	341	-0.056970611214637756348
31	342	0.036531824618577957153
31	343	0.017604343593120574951
31	442	-0.10638283193111419678
31	443	-0.11808168143033981323
31	444	-0.1650162041187286377
31	445	-0.17427405714988708496
31	446	-0.18788020312786102295
32	31	0.091862663626670837402
32	32	0.14129996299743652344
32	33	0.098503172397613525391
32	34	0.065706320106983184814
32	35	-0.0092369318008422851562
32	36	-0.0099260592833161354065
32	37	0.03010477311909198761
32	38	0.029415644705295562744
32	39	0.028726518154144287109
32	40	0.034354612231254577637
32	41	0.010749125853180885315
32	42	0.035114381462335586548
32	43	0.011508926749229431152
32	44	-0.012096560560166835785
32	45	-0.035702046006917953491
32	46	0.012268696911633014679
32	47	-0.011336759664118289948
32	48	-0.034942246973514556885
32	240	0.0092952791601419448853
32	341	0.12554168701171875
32	342	-0.050916992127895355225
32	343	0.049151893705129623413
32	442	0.018976762890815734863
32	443	-0.00047244131565093994141
32	444	-0.014957377687096595764
32	445	-0.032699823379516601562
32	446	-0.052883774042129516602
33	31	0.042151585221290588379
33	32	0.098503172397613525391
33	33	0.14259345829486846924
33	34	0.16668370366096496582
33	35	-0.0095031848177313804626
33	36	-0.017099257558584213257
33	37	0.046828117221593856812
33	38	0.039232041686773300171
33	39	0.031635977327823638916
33	40	-0.038321278989315032959
33	41	-0.019211046397686004639
33	42	-0.028390128165483474731
33	43	-0.0092799272388219833374
33	44	0.00983029976487159729
33	45	0.028940534219145774841
33	46	0.00065122265368700027466
33	47	0.01976141706109046936
33	48	0.038871649652719497681
33	240	-0.023330189287662506104
33	341	0.11793840676546096802
33	342	-0.085171326994895935059
33	343	0.061448946595191955566
33	442	-0.042692236602306365967
33	443	-0.037965726107358932495
33	444	0.0032592080533504486084
33	445	0.0063956119120121002197
33	446	0.01253275945782661438
34	31	-0.0075594410300254821777
34	32	0.065706320106983184814
34	33	0.16668370366096496582
34	34	0.27766114473342895508
34	35	-0.0097694108262658119202
34	36	-0.024272425100207328796
34	37	0.063551366329193115234
34	38	0.049048352986574172974
34	39	0.034545350819826126099
34	40	-0.11099723726511001587
34	41	-0.049171235412359237671
34	42	-0.091894716024398803711
34	43	-0.030068803578615188599
34	44	0.031757183372974395752
34	45	0.093583188951015472412
34	46	-0.010966280475258827209
34	47	0.050859615206718444824
34	48	0.11268562078475952148
34	240	-0.055955685675144195557
34	341	0.11033499240875244141
34	342	-0.11942562460899353027
34	343	0.073745995759963989258
34	442	-0.1043613925576210022
34	443	-0.075459137558937072754
34	444	0.021475702524185180664
34	445	0.045490991324186325073
34	446	0.07794927060604095459
35	31	0.028104536235332489014
35	32	-0.0092369318008422851562
35	33	-0.0095031848177313804626
35	34	-0.0097694108262658119202
35	35	0.14140298962593078613
35	36	0.097812451422214508057
35	37	0.093553617596626281738
35	38	0.059963084757328033447
35	39	0.026372581720352172852
35	40	-0.012035723775625228882
35	41	-0.036036606878042221069
35	42	0.035869400948286056519
35	43	0.011868514120578765869
35	44	-0.01213240157812833786
35	45	-0.036133285611867904663
35	46	0.059773635119199752808
35	47	0.035772722214460372925
35	48	0.011771837249398231506
35	240	-0.031377829611301422119
35	341	-0.13093537092208862305
35	342	-0.0087318271398544311523
35	343	-0.088647991418838500977
35	442	-0.071487344801425933838
35	443	-0.093755602836608886719
35	444	-0.059523638337850570679
35	445	-0.082118175923824310303
35	446	-0.10286933183670043945
36	31	0.045380100607872009277
36	32	-0.0099260592833161354065
36	33	-0.017099257558584213257
36	34	-0.024272425100207328796
36	35	0.097812451422214508057
36	36	0.14123325049877166748
36	37	0.04298671334981918335
36	38	0.076407514512538909912
36	39	0.10982827842235565186
36	40	0.019408259540796279907
36	41	0.037600718438625335693
36	42	-0.027225229889154434204
36	43	-0.0090327616780996322632
36	44	0.0091597307473421096802
36	45	0.027352189645171165466
36	46	-0.055666245520114898682
36	47	-0.037473749369382858276
36	48	-0.01928129047155380249
36	240	0.049741208553314208984
36	341	-0.08006115257740020752
36	342	-0.099684044718742370605
36	343	-0.10275422781705856323
36	442	-0.13359551131725311279
36	443	-0.108579292893409729
36	444	-0.15486855804920196533
36	445	-0.12954688072204589844
36	446	-0.10617647320032119751
37	31	-0.12654255330562591553
37	32	0.03010477311909198761
37	33	0.046828117221593856812
37	34	0.063551366329193115234
37	35	0.093553617596626281738
37	36	0.04298671334981918335
37	37	0.25949370861053466797
37	38	0.19892680644989013672
37	39	0.1483599543571472168
37	40	-0.03523168712854385376
37	41	-0.0582693442702293396
37	42	0.034513968974351882935
37	43	0.011476296931505203247
37	44	-0.011561404913663864136
37	45	-0.034599062055349349976
37	46	0.081221960484981536865
37	47	0.058184236288070678711
37	48	0.035146579146385192871
37	240	-0.055469967424869537354
37	341	0.052331764250993728638
37	342	-0.097644485533237457275
37	343	-0.057278066873550415039
37	442	0.052780829370021820068
37	443	0.02353728562593460083
37	444	0.089158184826374053955
37	445	0.058854810893535614014
37	446	0.032259128987789154053
38	31	-0.10926698148250579834
38	32	0.029415644705295562744
38	33	0.039232041686773300171
38	34	0.049048352986574172974
38	35	0.059963084757328033447
38	36	0.076407514512538909912
38	37	0.19892680644989013672
38	38	0.22537122666835784912
38	39	0.2318156510591506958
38	40	-0.0037877047434449195862
38	41	0.015367982909083366394
38	42	-0.028580658137798309326
38	43	-0.0094249779358506202698
38	44	0.0097307264804840087891
38	45	0.028886415064334869385
38	46	-0.03421793133020401001
38	47	-0.01506223529577255249
38	48	0.0040934518910944461823
38	240	0.02564907073974609375
38	341	0.1032060086727142334
38	342	-0.1885966956615447998
38	343	-0.071384303271770477295
38	442	-0.0093273371458053588867
38	443	0.0087136030197143554688
38	444	-0.0061867311596870422363
38	445	0.011426098644733428955
38	446	0.02895199507474899292
39	31	-0.091991439461708068848
39	32	0.028726518154144287109
39	33	0.031635977327823638916
39	34	0.034545350819826126099
39	35	0.026372581720352172852
39	36	0.10982827842235565186
39	37	0.1483599543571472168
39	38	0.2318156510591506958
39	39	0.32527124881744384766
39	40	0.027656251564621925354
39	41	0.089005246758460998535
39	42	-0.091675229370594024658
39	43	-0.030326236039400100708
39	44	0.031022837385535240173
39	45	0.092371828854084014893
39	46	-0.14965771138668060303
39	47	-0.088308647274971008301
39	48	-0.026959646493196487427
39	240	0.10676803439855575562
39	341	0.15408019721508026123
39	342	-0.27954882383346557617
39	343	-0.085490524768829345703
39	442	-0.071435436606407165527
39	443	-0.0061100646853446960449
39	444	-0.10153155773878097534
39	445	-0.036002565175294876099
39	446	0.025644853711128234863
40	31	0.05782847478985786438
40	32	0.034354612231254577637
40	33	-0.038321278989315032959
40	34	-0.11099723726511001587
40	35	-0.012035723775625228882
40	36	0.019408259540796279907
40	37	-0.03523168712854385376
40	38	-0.0037877047434449195862
40	39	0.027656251564621925354
40	40	0.20083622634410858154
40	41	0.16125506162643432617
40	42	0.14706848561763763428
40	43	0.11748739331960678101
40	44	0.087906256318092346191
40	45	0.058325100690126419067
40	46	0.073719650506973266602
40	47	0.044138580560684204102
40	48	0.014557421207427978516
40	240	-0.039318755269050598145
40	341	-0.013599101454019546509
40	342	0.043700326234102249146
40	343	-0.038897953927516937256
40	442	0.094647496938705444336
40	443	0.086314618587493896484
40	444	-0.10722523927688598633
40	445	-0.11200562119483947754
40	446	-0.12375176697969436646
41	31	0.034008108079433441162
41	32	0.010749125853180885315
41	33	-0.019211046397686004639
41	34	-0.049171235412359237671
41	35	-0.036036606878042221069
41	36	0.037600718438625335693
41	37	-0.0582693442702293396
41	38	0.015367982909083366394
41	39	0.089005246758460998535
41	40	0.16125506162643432617
41	41	0.20171730220317840576
41	42	0.057545501738786697388
41	43	0.088007755577564239502
41	44	0.11847004294395446777
41	45	0.14893226325511932373
41	46	-0.015701808035373687744
41	47	0.014760501682758331299
41	48	0.04522272944450378418
41	240	-0.0054907947778701782227
41	341	0.017615865916013717651
41	342	-0.045042518526315689087
41	343	-0.039957441389560699463
41	442	0.0076720602810382843018
41	443	0.049764551222324371338
41	444	-0.16075585782527923584
41	445	-0.11701081693172454834
41	446	-0.07902953028678894043
42	31	0.03535175323486328125
42	32	0.035114381462335586548
42	33	-0.028390128165483474731
42	34	-0.091894716024398803711
42	35	0.035869400948286056519
42	36	-0.027225229889154434204
42	37	0.034513968974351882935
42	38	-0.028580658137798309326
42	39	-0.091675229370594024658
42	40	0.14706848561763763428
42	41	0.057545501738786697388
42	42	0.24670043587684631348
42	43	0.14717750251293182373
42	44	0.057654462754726409912
42	45	-0.031868502497673034668
42	46	0.23680944740772247314
42	47	0.14728647470474243164
42	48	0.057763479650020599365
42	240	-0.15357203781604766846
42	341	-0.087442860007286071777
42	342	0.17347566783428192139
42	343	-0.019359953701496124268
42	442	0.18153727054595947266
42	443	0.10626260936260223389
42	444	0.025909777730703353882
42	445	-0.046677470207214355469
42	446	-0.12091801315546035767
43	31	0.011531431227922439575
43	32	0.011508926749229431152
43	33	-0.0092799272388219833374
43	34	-0.030068803578615188599
43	35	0.011868514120578765869
43	36	-0.0090327616780996322632
43	37	0.011476296931505203247
43	38	-0.0094249779358506202698
43	39	-0.030326236039400100708
43	40	0.11748739331960678101
43	41	0.088007755577564239502
43	42	0.14717750251293182373
43	43	0.12769788503646850586
43	44	0.088218227028846740723
43	45	0.058738593012094497681
43	46	0.14738799631595611572
43	47	0.11790835857391357422
43	48	0.088428720831871032715
43	240	-0.11974404752254486084
43	341	-0.05622787773609161377
43	342	0.08473285287618637085
43	343	-0.020419454202055931091
43	442	0.094561904668807983398
43	443	0.069712579250335693359
43	444	-0.027620846405625343323
43	445	-0.051682699471712112427
43	446	-0.076195828616619110107
44	31	-0.012288923375308513641
44	32	-0.012096560560166835785
44	33	0.00983029976487159729
44	34	0.031757183372974395752
44	35	-0.01213240157812833786
44	36	0.0091597307473421096802
44	37	-0.011561404913663864136
44	38	0.0097307264804840087891
44	39	0.031022837385535240173
44	40	0.087906256318092346191
44	41	0.11847004294395446777
44	42	0.057654462754726409912
44	43	0.088218227028846740723
44	44	0.12878203392028808594
44	45	0.14934581518173217773
44	46	0.057966433465480804443
44	47	0.088530212640762329102
44	48	0.11909399926662445068
44	240	-0.085916005074977874756
44	341	-0.025012861937284469604
44	342	-0.0040100626647472381592
44	343	-0.021478958427906036377
44	442	0.0075864121317863464355
44	443	0.033162504434585571289
44	444	-0.081151545047760009766
44	445	-0.056687932461500167847
44	446	-0.031473599374294281006
45	31	-0.036109294742345809937
45	32	-0.035702046006917953491
45	33	0.028940534219145774841
45	34	0.093583188951015472412
45	35	-0.036133285611867904663
45	36	0.027352189645171165466
45	37	-0.034599062055349349976
45	38	0.028886415064334869385
45	39	0.092371828854084014893
45	40	0.058325100690126419067
45	41	0.14893226325511932373
45	42	-0.031868502497673034668
45	43	0.058738593012094497681
45	44	0.14934581518173217773
45	45	0.24995298683643341064
45	46	-0.031455025076866149902
45	47	0.059152141213417053223
45	48	0.14975930750370025635
45	240	-0.052088040858507156372
45	341	0.0062021054327487945557
45	342	-0.09275290369987487793
45	343	-0.022538447752594947815
45	442	-0.079389020800590515137
45	443	-0.0033875592052936553955
45	444	-0.13468214869499206543
45	445	-0.061693124473094940186
45	446	0.01324863731861114502
46	31	-0.010945292189717292786
46	32	0.012268696911633014679
46	33	0.00065122265368700027466
46	34	-0.010966280475258827209
46	35	0.059773635119199752808
46	36	-0.055666245520114898682
46	37	0.081221960484981536865
46	38	-0.03421793133020401001
46	39	-0.14965771138668060303
46	40	0.073719650506973266602
46	41	-0.015701808035373687744
46	42	0.23680944740772247314
46	43	0.14738799631595611572
46	44	0.057966433465480804443
46	45	-0.031455025076866149902
46	46	0.3204777836799621582
46	47	0.22105625271797180176
46	48	0.13163478672504425049
46	240	-0.2339973151683807373
46	341	-0.1300716400146484375
46	342	0.21450819075107574463
46	343	-0.00088145583868026733398
46	442	0.18145169317722320557
46	443	0.089660584926605224609
46	444	0.1055141836404800415
46	445	0.013645455241203308105
46	446	-0.073362074792385101318
47	31	-0.034765601158142089844
47	32	-0.011336759664118289948
47	33	0.01976141706109046936
47	34	0.050859615206718444824
47	35	0.035772722214460372925
47	36	-0.037473749369382858276
47	37	0.058184236288070678711
47	38	-0.01506223529577255249
47	39	-0.088308647274971008301
47	40	0.044138580560684204102
47	41	0.014760501682758331299
47	42	0.14728647470474243164
47	43	0.11790835857391357422
47	44	0.088530212640762329102
47	45	0.059152141213417053223
47	46	0.22105625271797180176
47	47	0.20167808234691619873
47	48	0.16229999065399169922
47	240	-0.20016925036907196045
47	341	-0.098856605589389801025
47	342	0.12576530873775482178
47	343	-0.0019409712404012680054
47	442	0.094476267695426940918
47	443	0.053110539913177490234
47	444	0.051983457058668136597
47	445	0.0086401849985122680664
47	446	-0.028639905154705047607
48	31	-0.058585967868566513062
48	32	-0.034942246973514556885
48	33	0.038871649652719497681
48	34	0.11268562078475952148
48	35	0.011771837249398231506
48	36	-0.01928129047155380249
48	37	0.035146579146385192871
48	38	0.0040934518910944461823
48	39	-0.026959646493196487427
48	40	0.014557421207427978516
48	41	0.04522272944450378418
48	42	0.057763479650020599365
48	43	0.088428720831871032715
48	44	0.11909399926662445068
48	45	0.14975930750370025635
48	46	0.13163478672504425049
48	47	0.16229999065399169922
48	48	0.20296530425548553467
48	240	-0.16634128987789154053
48	341	-0.067641638219356536865
48	342	0.037022467702627182007
48	343	-0.0030004587024450302124
48	442	0.007500819861888885498
48	443	0.016560472548007965088
48	444	-0.0015471503138542175293
48	445	0.0036349892616271972656
48	446	0.016082338988780975342
49	49	0.20353136956691741943
49	50	0.11892863363027572632
49	51	0.14924773573875427246
49	52	0.044325903058052062988
