2022-06-27 06:19:14.649983+0200 HaradaExperiment[2005:228339] Metal GPU Frame Capture Enabled
2022-06-27 06:19:14.650269+0200 HaradaExperiment[2005:228339] Metal API Validation Enabled
loaded: duck-color from asset catalog
loaded: duck-color from asset catalog


iteration: 0


iteration: 1


iteration: 2


iteration: 3


iteration: 4


iteration: 5


iteration: 6


iteration: 7


iteration: 8


iteration: 9


iteration: 10


iteration: 11


iteration: 12


iteration: 13


iteration: 14


iteration: 15


iteration: 16


iteration: 17


iteration: 18


iteration: 19


iteration: 20


iteration: 21


iteration: 22


iteration: 23


iteration: 24


iteration: 25


iteration: 26


iteration: 27


iteration: 28


iteration: 29


iteration: 30


iteration: 31


iteration: 32


iteration: 33


iteration: 34


iteration: 35


iteration: 36


iteration: 37


iteration: 38


iteration: 39


iteration: 40


iteration: 41


iteration: 42


iteration: 43


iteration: 44


iteration: 45


iteration: 46


iteration: 47


iteration: 48


iteration: 49


iteration: 50


iteration: 51


iteration: 52


iteration: 53


iteration: 54


iteration: 55


iteration: 56


iteration: 57


iteration: 58


iteration: 59


iteration: 60


iteration: 61


iteration: 62


iteration: 63


iteration: 64


iteration: 65


iteration: 66


iteration: 67


iteration: 68


iteration: 69


iteration: 70


iteration: 71


iteration: 72


iteration: 73


iteration: 74


iteration: 75


iteration: 76


iteration: 77


iteration: 78


iteration: 79


iteration: 80


iteration: 81


iteration: 82


iteration: 83


iteration: 84


iteration: 85


iteration: 86


iteration: 87


iteration: 88


iteration: 89


iteration: 90


iteration: 91


iteration: 92


iteration: 93


iteration: 94


iteration: 95


iteration: 96


iteration: 97


iteration: 98


iteration: 99


iteration: 100


iteration: 101


iteration: 102


iteration: 103


iteration: 104


iteration: 105


iteration: 106


iteration: 107


iteration: 108


iteration: 109


iteration: 110


iteration: 111


iteration: 112


iteration: 113


iteration: 114


iteration: 115


iteration: 116


iteration: 117


iteration: 118


iteration: 119


iteration: 120


iteration: 121


iteration: 122


iteration: 123


iteration: 124


iteration: 125


iteration: 126


iteration: 127


iteration: 128


iteration: 129


iteration: 130


iteration: 131


iteration: 132


iteration: 133


iteration: 134


iteration: 135


iteration: 136


iteration: 137


iteration: 138


iteration: 139


iteration: 140


iteration: 141


iteration: 142


iteration: 143


iteration: 144


iteration: 145


iteration: 146


iteration: 147
generating sample matrix BEGIN
0	0	0.23400256037712097168
0	3	-0.0072410460561513900757
0	4	-0.035464510321617126465
0	8	0.032855443656444549561
0	9	-0.032855443656444549561
0	10	0.16599619388580322266
0	11	-0.16599619388580322266
0	12	-0.13314075767993927002
0	13	0.13314075767993927002
0	26	-0.031545694917440414429
0	27	0.031545694917440414429
0	28	-0.036648988723754882812
0	29	0.036648988723754882812
0	30	0.0051032900810241699219
0	31	-0.0051032900810241699219
0	32	-0.010757341980934143066
0	33	0.010757341980934143066
0	34	-0.055091790854930877686
0	35	0.055091790854930877686
0	36	0.044334445148706436157
0	37	-0.044334445148706436157
1	1	0.22392137348651885986
1	2	0.16552948951721191406
1	5	-0.17338819801807403564
1	6	-0.084756366908550262451
1	14	-0.17287397384643554688
1	15	0.17287397384643554688
1	16	-0.019915550947189331055
1	17	0.019915550947189331055
1	18	-0.15295843780040740967
1	19	0.15295843780040740967
1	20	-0.15541718900203704834
1	21	0.15541718900203704834
1	22	-0.015715815126895904541
1	23	0.015715815126895904541
1	24	-0.13970136642456054688
1	25	0.13970136642456054688
1	38	-0.025390334427356719971
1	39	0.025390334427356719971
1	40	-0.041658271104097366333
1	41	0.041658271104097366333
1	42	0.016267936676740646362
1	43	-0.016267936676740646362
1	44	0.1254971623420715332
1	45	-0.1254971623420715332
1	46	-0.00046255439519882202148
1	47	0.00046255439519882202148
1	48	0.12595972418785095215
1	49	-0.12595972418785095215
2	1	0.16552948951721191406
2	2	0.21949334442615509033
2	5	-0.01757320016622543335
2	6	-0.098191373050212860107
2	14	-0.12816947698593139648
2	15	0.12816947698593139648
2	16	-0.14199098944664001465
2	17	0.14199098944664001465
2	18	0.013821512460708618164
2	19	-0.013821512460708618164
2	20	-0.12132068723440170288
2	21	0.12132068723440170288
2	22	-0.13334789872169494629
2	23	0.13334789872169494629
2	24	0.012027211487293243408
2	25	-0.012027211487293243408
2	38	-0.06708727031946182251
2	39	0.06708727031946182251
2	40	-0.10624469071626663208
2	41	0.10624469071626663208
2	42	0.039157431572675704956
2	43	-0.039157431572675704956
2	44	-0.018286518752574920654
2	45	0.018286518752574920654
2	46	-0.062571480870246887207
2	47	0.062571480870246887207
2	48	0.044284965842962265015
2	49	-0.044284965842962265015
3	0	-0.0072410460561513900757
3	3	0.63015598058700561523
3	4	0.24286678433418273926
3	7	0.026396248489618301392
3	8	0.12937952578067779541
3	9	-0.12937952578067779541
3	10	-0.045765049755573272705
3	11	0.045765049755573272705
3	12	0.17514459788799285889
3	13	-0.17514459788799285889
3	26	-0.3196010589599609375
3	27	0.3196010589599609375
3	28	-0.20556056499481201172
3	29	0.20556056499481201172
3	30	-0.11404047906398773193
3	31	0.11404047906398773193
3	32	0.43963944911956787109
3	33	-0.43963944911956787109
3	34	-0.20295134186744689941
3	35	0.20295134186744689941
3	36	0.64259076118469238281
3	37	-0.64259076118469238281
3	50	-0.14940489828586578369
3	51	0.14940489828586578369
3	52	-0.025254253298044204712
3	53	0.025254253298044204712
3	54	-0.12415064126253128052
3	55	0.12415064126253128052
4	0	-0.035464510321617126465
4	3	0.24286678433418273926
4	4	0.43544611334800720215
4	7	0.11328615248203277588
4	8	0.055677391588687896729
4	9	-0.055677391588687896729
4	10	0.035855613648891448975
4	11	-0.035855613648891448975
4	12	0.019821777939796447754
4	13	-0.019821777939796447754
4	26	0.053210739046335220337
4	27	-0.053210739046335220337
4	28	0.2992102503776550293
4	29	-0.2992102503776550293
4	30	-0.24599948525428771973
4	31	0.24599948525428771973
4	32	-0.064361780881881713867
4	33	0.064361780881881713867
4	34	-0.15867841243743896484
4	35	0.15867841243743896484
4	36	0.094316624104976654053
4	37	-0.094316624104976654053
4	50	0.18788942694664001465
4	51	-0.18788942694664001465
4	52	0.0253658294677734375
4	53	-0.0253658294677734375
4	54	0.16252359747886657715
4	55	-0.16252359747886657715
5	1	-0.17338819801807403564
5	2	-0.01757320016622543335
5	5	0.54966533184051513672
5	6	0.13018964231014251709
5	7	-0.094579033553600311279
5	14	0.039592806249856948853
5	15	-0.039592806249856948853
5	16	-0.22691759467124938965
5	17	0.22691759467124938965
5	18	0.26651042699813842773
5	19	-0.26651042699813842773
5	20	0.067505896091461181641
5	21	-0.067505896091461181641
5	22	-0.19428813457489013672
5	23	0.19428813457489013672
5	24	0.26179403066635131836
5	25	-0.26179403066635131836
5	38	-0.022365868091583251953
5	39	0.022365868091583251953
5	40	0.040910404175519943237
5	41	-0.040910404175519943237
5	42	-0.063276275992393493652
5	43	0.063276275992393493652
5	44	-0.4276103675365447998
5	45	0.4276103675365447998
5	46	-0.076643399894237518311
5	47	0.076643399894237518311
5	48	-0.35096698999404907227
5	49	0.35096698999404907227
5	50	-0.1177168041467666626
5	51	0.1177168041467666626
5	52	0.058213956654071807861
5	53	-0.058213956654071807861
5	54	-0.17593073844909667969
5	55	0.17593073844909667969
6	1	-0.084756366908550262451
6	2	-0.098191373050212860107
6	5	0.13018964231014251709
6	6	0.3812077641487121582
6	7	-0.20514652132987976074
6	14	-0.012076538056135177612
6	15	0.012076538056135177612
6	16	-0.044698894023895263672
6	17	0.044698894023895263672
6	18	0.032622363418340682983
6	19	-0.032622363418340682983
6	20	-0.0061355978250503540039
6	21	0.0061355978250503540039
6	22	-0.042932488024234771729
6	23	0.042932488024234771729
6	24	0.036796897649765014648
6	25	-0.036796897649765014648
6	38	0.37498688697814941406
6	39	-0.37498688697814941406
6	40	0.29731553792953491211
6	41	-0.29731553792953491211
6	42	0.077671349048614501953
6	43	-0.077671349048614501953
6	44	0.074516877532005310059
6	45	-0.074516877532005310059
6	46	0.076180823147296905518
6	47	-0.076180823147296905518
6	48	-0.0016639521345496177673
6	49	0.0016639521345496177673
6	50	0.035089023411273956299
6	51	-0.035089023411273956299
6	52	0.17422795295715332031
6	53	-0.17422795295715332031
6	54	-0.13913889229297637939
6	55	0.13913889229297637939
7	3	0.026396248489618301392
7	4	0.11328615248203277588
7	5	-0.094579033553600311279
7	6	-0.20514652132987976074
7	7	0.56297719478607177734
7	26	0.0045985914766788482666
7	27	-0.0045985914766788482666
7	28	0.080805771052837371826
7	29	-0.080805771052837371826
7	30	-0.076207190752029418945
7	31	0.076207190752029418945
7	32	-0.058409102261066436768
7	33	0.058409102261066436768
7	34	-0.095670901238918304443
7	35	0.095670901238918304443
7	36	0.037261810153722763062
7	37	-0.037261810153722763062
7	38	-0.17948082089424133301
7	39	0.17948082089424133301
7	40	-0.2881374657154083252
7	41	0.2881374657154083252
7	42	0.10865662992000579834
7	43	-0.10865662992000579834
7	44	-0.053112901747226715088
7	45	0.053112901747226715088
7	46	-0.18047572672367095947
7	47	0.18047572672367095947
7	48	0.12736283242702484131
7	49	-0.12736283242702484131
7	50	0.1227731555700302124
7	51	-0.1227731555700302124
7	52	-0.18310023844242095947
7	53	0.18310023844242095947
7	54	0.30587336421012878418
7	55	-0.30587336421012878418
8	0	0.032855443656444549561
8	3	0.12937952578067779541
8	4	0.055677391588687896729
8	8	0.45057374238967895508
8	9	-0.44057375192642211914
8	10	0.15401443839073181152
8	11	-0.15401443839073181152
8	12	0.28655931353569030762
8	13	-0.28655931353569030762
8	26	-0.090855553746223449707
8	27	0.090855553746223449707
8	28	-0.14040955901145935059
8	29	0.14040955901145935059
8	30	0.049553994089365005493
8	31	-0.049553994089365005493
8	32	0.19114963710308074951
8	33	-0.19114963710308074951
8	34	-0.0011729560792446136475
8	35	0.0011729560792446136475
8	36	0.19232255220413208008
8	37	-0.19232255220413208008
8	56	1
9	0	-0.032855443656444549561
9	3	-0.12937952578067779541
9	4	-0.055677391588687896729
9	8	-0.44057375192642211914
9	9	0.45057374238967895508
9	10	-0.15401443839073181152
9	11	0.15401443839073181152
9	12	-0.28655931353569030762
9	13	0.28655931353569030762
9	26	0.090855553746223449707
9	27	-0.090855553746223449707
9	28	0.14040955901145935059
9	29	-0.14040955901145935059
9	30	-0.049553994089365005493
9	31	0.049553994089365005493
9	32	-0.19114963710308074951
9	33	0.19114963710308074951
9	34	0.0011729560792446136475
9	35	-0.0011729560792446136475
9	36	-0.19232255220413208008
9	37	0.19232255220413208008
9	56	1
10	0	0.16599619388580322266
10	3	-0.045765049755573272705
10	4	0.035855613648891448975
10	8	0.15401443839073181152
10	9	-0.15401443839073181152
10	10	0.35134354233741760254
10	11	-0.3413435518741607666
10	12	-0.18732911348342895508
10	13	0.18732911348342895508
10	26	0.032758034765720367432
10	27	-0.032758034765720367432
10	28	0.082531653344631195068
10	29	-0.082531653344631195068
10	30	-0.049773633480072021484
10	31	0.049773633480072021484
10	32	-0.11819148808717727661
10	33	0.11819148808717727661
10	34	-0.089325189590454101562
10	35	0.089325189590454101562
10	36	-0.028866291046142578125
10	37	0.028866291046142578125
10	56	1
11	0	-0.16599619388580322266
11	3	0.045765049755573272705
11	4	-0.035855613648891448975
11	8	-0.15401443839073181152
11	9	0.15401443839073181152
11	10	-0.3413435518741607666
11	11	0.35134354233741760254
11	12	0.18732911348342895508
11	13	-0.18732911348342895508
11	26	-0.032758034765720367432
11	27	0.032758034765720367432
11	28	-0.082531653344631195068
11	29	0.082531653344631195068
11	30	0.049773633480072021484
11	31	-0.049773633480072021484
11	32	0.11819148808717727661
11	33	-0.11819148808717727661
11	34	0.089325189590454101562
11	35	-0.089325189590454101562
11	36	0.028866291046142578125
11	37	-0.028866291046142578125
11	56	1
12	0	-0.13314075767993927002
12	3	0.17514459788799285889
12	4	0.019821777939796447754
12	8	0.28655931353569030762
12	9	-0.28655931353569030762
12	10	-0.18732911348342895508
12	11	0.18732911348342895508
12	12	0.48388838768005371094
12	13	-0.473888397216796875
12	26	-0.12361358851194381714
12	27	0.12361358851194381714
12	28	-0.22294121980667114258
12	29	0.22294121980667114258
12	30	0.099327631294727325439
12	31	-0.099327631294727325439
12	32	0.30934113264083862305
12	33	-0.30934113264083862305
12	34	0.088152244687080383301
12	35	-0.088152244687080383301
12	36	0.22118885815143585205
12	37	-0.22118885815143585205
12	56	1
13	0	0.13314075767993927002
13	3	-0.17514459788799285889
13	4	-0.019821777939796447754
13	8	-0.28655931353569030762
13	9	0.28655931353569030762
13	10	0.18732911348342895508
13	11	-0.18732911348342895508
13	12	-0.473888397216796875
13	13	0.48388838768005371094
13	26	0.12361358851194381714
13	27	-0.12361358851194381714
13	28	0.22294121980667114258
13	29	-0.22294121980667114258
13	30	-0.099327631294727325439
13	31	0.099327631294727325439
13	32	-0.30934113264083862305
13	33	0.30934113264083862305
13	34	-0.088152244687080383301
13	35	0.088152244687080383301
13	36	-0.22118885815143585205
13	37	0.22118885815143585205
13	56	1
14	1	-0.17287397384643554688
14	2	-0.12816947698593139648
14	5	0.039592806249856948853
14	6	-0.012076538056135177612
14	14	0.40061193704605102539
14	15	-0.39061194658279418945
14	16	0.15650391578674316406
14	17	-0.15650391578674316406
14	18	0.23410806059837341309
14	19	-0.23410806059837341309
14	20	0.34906929731369018555
14	21	-0.34906929731369018555
14	22	0.13868004083633422852
14	23	-0.13868004083633422852
14	24	0.21038925647735595703
14	25	-0.21038925647735595703
14	38	-0.030066099017858505249
14	39	0.030066099017858505249
14	40	0.023755282163619995117
14	41	-0.023755282163619995117
14	42	-0.053821377456188201904
14	43	0.053821377456188201904
14	44	-0.025448538362979888916
14	45	0.025448538362979888916
14	46	0.060356616973876953125
14	47	-0.060356616973876953125
14	48	-0.085805155336856842041
14	49	0.085805155336856842041
14	57	1
15	1	0.17287397384643554688
15	2	0.12816947698593139648
15	5	-0.039592806249856948853
15	6	0.012076538056135177612
15	14	-0.39061194658279418945
15	15	0.40061193704605102539
15	16	-0.15650391578674316406
15	17	0.15650391578674316406
15	18	-0.23410806059837341309
15	19	0.23410806059837341309
15	20	-0.34906929731369018555
15	21	0.34906929731369018555
15	22	-0.13868004083633422852
15	23	0.13868004083633422852
15	24	-0.21038925647735595703
15	25	0.21038925647735595703
15	38	0.030066099017858505249
15	39	-0.030066099017858505249
15	40	-0.023755282163619995117
15	41	0.023755282163619995117
15	42	0.053821377456188201904
15	43	-0.053821377456188201904
15	44	0.025448538362979888916
15	45	-0.025448538362979888916
15	46	-0.060356616973876953125
15	47	0.060356616973876953125
15	48	0.085805155336856842041
15	49	-0.085805155336856842041
15	57	1
16	1	-0.019915550947189331055
16	2	-0.14199098944664001465
16	5	-0.22691759467124938965
16	6	-0.044698894023895263672
16	14	0.15650391578674316406
16	15	-0.15650391578674316406
16	16	0.4294459223747253418
16	17	-0.41944593191146850586
16	18	-0.26294207572937011719
16	19	0.26294207572937011719
16	20	0.092857331037521362305
16	21	-0.092857331037521362305
16	22	0.37096118927001953125
16	23	-0.37096118927001953125
16	24	-0.27810388803482055664
16	25	0.27810388803482055664
16	38	-0.017187349498271942139
16	39	0.017187349498271942139
16	40	0.016532190144062042236
16	41	-0.016532190144062042236
16	42	-0.033719524741172790527
16	43	0.033719524741172790527
16	44	0.16941624879837036133
16	45	-0.16941624879837036133
16	46	0.082442358136177062988
16	47	-0.082442358136177062988
16	48	0.086973898112773895264
16	49	-0.086973898112773895264
16	57	1
17	1	0.019915550947189331055
17	2	0.14199098944664001465
17	5	0.22691759467124938965
17	6	0.044698894023895263672
17	14	-0.15650391578674316406
17	15	0.15650391578674316406
17	16	-0.41944593191146850586
17	17	0.4294459223747253418
17	18	0.26294207572937011719
17	19	-0.26294207572937011719
17	20	-0.092857331037521362305
17	21	0.092857331037521362305
17	22	-0.37096118927001953125
17	23	0.37096118927001953125
17	24	0.27810388803482055664
17	25	-0.27810388803482055664
17	38	0.017187349498271942139
17	39	-0.017187349498271942139
17	40	-0.016532190144062042236
17	41	0.016532190144062042236
17	42	0.033719524741172790527
17	43	-0.033719524741172790527
17	44	-0.16941624879837036133
17	45	0.16941624879837036133
17	46	-0.082442358136177062988
17	47	0.082442358136177062988
17	48	-0.086973898112773895264
17	49	0.086973898112773895264
17	57	1
18	1	-0.15295843780040740967
18	2	0.013821512460708618164
18	5	0.26651042699813842773
18	6	0.032622363418340682983
18	14	0.23410806059837341309
18	15	-0.23410806059837341309
18	16	-0.26294207572937011719
18	17	0.26294207572937011719
18	18	0.50705009698867797852
18	19	-0.49705010652542114258
18	20	0.25621196627616882324
18	21	-0.25621196627616882324
18	22	-0.23228117823600769043
18	23	0.23228117823600769043
18	24	0.48849314451217651367
18	25	-0.48849314451217651367
18	38	-0.01287876814603805542
18	39	0.01287876814603805542
18	40	0.0072231050580739974976
18	41	-0.0072231050580739974976
18	42	-0.020101867616176605225
18	43	0.020101867616176605225
18	44	-0.19486474990844726562
18	45	0.19486474990844726562
18	46	-0.022085729986429214478
18	47	0.022085729986429214478
18	48	-0.17277906835079193115
18	49	0.17277906835079193115
18	57	1
19	1	0.15295843780040740967
19	2	-0.013821512460708618164
19	5	-0.26651042699813842773
19	6	-0.032622363418340682983
19	14	-0.23410806059837341309
19	15	0.23410806059837341309
19	16	0.26294207572937011719
19	17	-0.26294207572937011719
19	18	-0.49705010652542114258
19	19	0.50705009698867797852
19	20	-0.25621196627616882324
19	21	0.25621196627616882324
19	22	0.23228117823600769043
19	23	-0.23228117823600769043
19	24	-0.48849314451217651367
19	25	0.48849314451217651367
19	38	0.01287876814603805542
19	39	-0.01287876814603805542
19	40	-0.0072231050580739974976
19	41	0.0072231050580739974976
19	42	0.020101867616176605225
19	43	-0.020101867616176605225
19	44	0.19486474990844726562
19	45	-0.19486474990844726562
19	46	0.022085729986429214478
19	47	-0.022085729986429214478
19	48	0.17277906835079193115
19	49	-0.17277906835079193115
19	57	1
20	1	-0.15541718900203704834
20	2	-0.12132068723440170288
20	5	0.067505896091461181641
20	6	-0.0061355978250503540039
20	14	0.34906929731369018555
20	15	-0.34906929731369018555
20	16	0.092857331037521362305
20	17	-0.092857331037521362305
20	18	0.25621196627616882324
20	19	-0.25621196627616882324
20	20	0.38050383329391479492
20	21	-0.37050384283065795898
20	22	0.10840614140033721924
20	23	-0.10840614140033721924
20	24	0.2620976865291595459
20	25	-0.2620976865291595459
20	38	-0.036477386951446533203
20	39	0.036477386951446533203
20	40	0.077363848686218261719
20	41	-0.077363848686218261719
20	42	-0.113841228187084198
20	43	0.113841228187084198
20	44	-0.036623500287532806396
20	45	0.036623500287532806396
20	46	0.088132634758949279785
20	47	-0.088132634758949279785
20	48	-0.12475613504648208618
20	49	0.12475613504648208618
20	58	1
21	1	0.15541718900203704834
21	2	0.12132068723440170288
21	5	-0.067505896091461181641
21	6	0.0061355978250503540039
21	14	-0.34906929731369018555
21	15	0.34906929731369018555
21	16	-0.092857331037521362305
21	17	0.092857331037521362305
21	18	-0.25621196627616882324
21	19	0.25621196627616882324
21	20	-0.37050384283065795898
21	21	0.38050383329391479492
21	22	-0.10840614140033721924
21	23	0.10840614140033721924
21	24	-0.2620976865291595459
21	25	0.2620976865291595459
21	38	0.036477386951446533203
21	39	-0.036477386951446533203
21	40	-0.077363848686218261719
21	41	0.077363848686218261719
21	42	0.113841228187084198
21	43	-0.113841228187084198
21	44	0.036623500287532806396
21	45	-0.036623500287532806396
21	46	-0.088132634758949279785
21	47	0.088132634758949279785
21	48	0.12475613504648208618
21	49	-0.12475613504648208618
21	58	1
22	1	-0.015715815126895904541
22	2	-0.13334789872169494629
22	5	-0.19428813457489013672
22	6	-0.042932488024234771729
22	14	0.13868004083633422852
22	15	-0.13868004083633422852
22	16	0.37096118927001953125
22	17	-0.37096118927001953125
22	18	-0.23228117823600769043
22	19	0.23228117823600769043
22	20	0.10840614140033721924
22	21	-0.10840614140033721924
22	22	0.35127967596054077148
22	23	-0.34127968549728393555
22	24	-0.23287355899810791016
22	25	0.23287355899810791016
22	38	-0.025338493287563323975
22	39	0.025338493287563323975
22	40	0.038766406476497650146
22	41	-0.038766406476497650146
22	42	-0.064104884862899780273
22	43	0.064104884862899780273
22	44	0.14730688929557800293
22	45	-0.14730688929557800293
22	46	0.090779229998588562012
22	47	-0.090779229998588562012
22	48	0.05652766302227973938
22	49	-0.05652766302227973938
22	58	1
23	1	0.015715815126895904541
23	2	0.13334789872169494629
23	5	0.19428813457489013672
23	6	0.042932488024234771729
23	14	-0.13868004083633422852
23	15	0.13868004083633422852
23	16	-0.37096118927001953125
23	17	0.37096118927001953125
23	18	0.23228117823600769043
23	19	-0.23228117823600769043
23	20	-0.10840614140033721924
23	21	0.10840614140033721924
23	22	-0.34127968549728393555
23	23	0.35127967596054077148
23	24	0.23287355899810791016
23	25	-0.23287355899810791016
23	38	0.025338493287563323975
23	39	-0.025338493287563323975
23	40	-0.038766406476497650146
23	41	0.038766406476497650146
23	42	0.064104884862899780273
23	43	-0.064104884862899780273
23	44	-0.14730688929557800293
23	45	0.14730688929557800293
23	46	-0.090779229998588562012
23	47	0.090779229998588562012
23	48	-0.05652766302227973938
23	49	0.05652766302227973938
23	58	1
24	1	-0.13970136642456054688
24	2	0.012027211487293243408
24	5	0.26179403066635131836
24	6	0.036796897649765014648
24	14	0.21038925647735595703
24	15	-0.21038925647735595703
24	16	-0.27810388803482055664
24	17	0.27810388803482055664
24	18	0.48849314451217651367
24	19	-0.48849314451217651367
24	20	0.2620976865291595459
24	21	-0.2620976865291595459
24	22	-0.23287355899810791016
24	23	0.23287355899810791016
24	24	0.5049712061882019043
24	25	-0.49497121572494506836
24	38	-0.011138908565044403076
24	39	0.011138908565044403076
24	40	0.038597442209720611572
24	41	-0.038597442209720611572
24	42	-0.049736343324184417725
24	43	0.049736343324184417725
24	44	-0.18393039703369140625
24	45	0.18393039703369140625
24	46	-0.002646598033607006073
24	47	0.002646598033607006073
24	48	-0.18128381669521331787
24	49	0.18128381669521331787
24	58	1
25	1	0.13970136642456054688
25	2	-0.012027211487293243408
25	5	-0.26179403066635131836
25	6	-0.036796897649765014648
25	14	-0.21038925647735595703
25	15	0.21038925647735595703
25	16	0.27810388803482055664
25	17	-0.27810388803482055664
25	18	-0.48849314451217651367
25	19	0.48849314451217651367
25	20	-0.2620976865291595459
25	21	0.2620976865291595459
25	22	0.23287355899810791016
25	23	-0.23287355899810791016
25	24	-0.49497121572494506836
25	25	0.5049712061882019043
25	38	0.011138908565044403076
25	39	-0.011138908565044403076
25	40	-0.038597442209720611572
25	41	0.038597442209720611572
25	42	0.049736343324184417725
25	43	-0.049736343324184417725
25	44	0.18393039703369140625
25	45	-0.18393039703369140625
25	46	0.002646598033607006073
25	47	-0.002646598033607006073
25	48	0.18128381669521331787
25	49	-0.18128381669521331787
25	58	1
26	0	-0.031545694917440414429
26	3	-0.3196010589599609375
26	4	0.053210739046335220337
26	7	0.0045985914766788482666
26	8	-0.090855553746223449707
26	9	0.090855553746223449707
26	10	0.032758034765720367432
26	11	-0.032758034765720367432
26	12	-0.12361358851194381714
26	13	0.12361358851194381714
26	26	0.55651462078094482422
26	27	-0.54651463031768798828
26	28	0.225149497389793396
26	29	-0.225149497389793396
26	30	0.32136511802673339844
26	31	-0.32136511802673339844
26	32	-0.14181928336620330811
26	33	0.14181928336620330811
26	34	0.46776396036148071289
26	35	-0.46776396036148071289
26	36	-0.60958313941955566406
26	37	0.60958313941955566406
26	50	0.3109862208366394043
26	51	-0.3109862208366394043
26	52	0.11295114457607269287
26	53	-0.11295114457607269287
26	54	0.19803506135940551758
26	55	-0.19803506135940551758
26	59	1
27	0	0.031545694917440414429
27	3	0.3196010589599609375
27	4	-0.053210739046335220337
27	7	-0.0045985914766788482666
27	8	0.090855553746223449707
27	9	-0.090855553746223449707
27	10	-0.032758034765720367432
27	11	0.032758034765720367432
27	12	0.12361358851194381714
27	13	-0.12361358851194381714
27	26	-0.54651463031768798828
27	27	0.55651462078094482422
27	28	-0.225149497389793396
27	29	0.225149497389793396
27	30	-0.32136511802673339844
27	31	0.32136511802673339844
27	32	0.14181928336620330811
27	33	-0.14181928336620330811
27	34	-0.46776396036148071289
27	35	0.46776396036148071289
27	36	0.60958313941955566406
27	37	-0.60958313941955566406
27	50	-0.3109862208366394043
27	51	0.3109862208366394043
27	52	-0.11295114457607269287
27	53	0.11295114457607269287
27	54	-0.19803506135940551758
27	55	0.19803506135940551758
27	59	1
28	0	-0.036648988723754882812
28	3	-0.20556056499481201172
28	4	0.2992102503776550293
28	7	0.080805771052837371826
28	8	-0.14040955901145935059
28	9	0.14040955901145935059
28	10	0.082531653344631195068
28	11	-0.082531653344631195068
28	12	-0.22294121980667114258
28	13	0.22294121980667114258
28	26	0.225149497389793396
28	27	-0.225149497389793396
28	28	0.60382306575775146484
28	29	-0.59382307529449462891
28	30	-0.36867350339889526367
28	31	0.36867350339889526367
28	32	-0.551837921142578125
28	33	0.551837921142578125
28	34	-0.19225469231605529785
28	35	0.19225469231605529785
28	36	-0.35958319902420043945
28	37	0.35958319902420043945
28	50	0.27488997578620910645
28	51	-0.27488997578620910645
28	52	0.023201290518045425415
28	53	-0.023201290518045425415
28	54	0.25168868899345397949
28	55	-0.25168868899345397949
28	59	1
29	0	0.036648988723754882812
29	3	0.20556056499481201172
29	4	-0.2992102503776550293
29	7	-0.080805771052837371826
29	8	0.14040955901145935059
29	9	-0.14040955901145935059
29	10	-0.082531653344631195068
29	11	0.082531653344631195068
29	12	0.22294121980667114258
29	13	-0.22294121980667114258
29	26	-0.225149497389793396
29	27	0.225149497389793396
29	28	-0.59382307529449462891
29	29	0.60382306575775146484
29	30	0.36867350339889526367
29	31	-0.36867350339889526367
29	32	0.551837921142578125
29	33	-0.551837921142578125
29	34	0.19225469231605529785
29	35	-0.19225469231605529785
29	36	0.35958319902420043945
29	37	-0.35958319902420043945
29	50	-0.27488997578620910645
29	51	0.27488997578620910645
29	52	-0.023201290518045425415
29	53	0.023201290518045425415
29	54	-0.25168868899345397949
29	55	0.25168868899345397949
29	59	1
30	0	0.0051032900810241699219
30	3	-0.11404047906398773193
30	4	-0.24599948525428771973
30	7	-0.076207190752029418945
30	8	0.049553994089365005493
30	9	-0.049553994089365005493
30	10	-0.049773633480072021484
30	11	0.049773633480072021484
30	12	0.099327631294727325439
30	13	-0.099327631294727325439
30	26	0.32136511802673339844
30	27	-0.32136511802673339844
30	28	-0.36867350339889526367
30	29	0.36867350339889526367
30	30	0.70003861188888549805
30	31	-0.69003862142562866211
30	32	0.41001865267753601074
30	33	-0.41001865267753601074
30	34	0.66001868247985839844
30	35	-0.66001868247985839844
30	36	-0.25
30	37	0.25
30	50	0.036096226423978805542
30	51	-0.036096226423978805542
30	52	0.08974984288215637207
30	53	-0.08974984288215637207
30	54	-0.053653635084629058838
30	55	0.053653635084629058838
30	59	1
31	0	-0.0051032900810241699219
31	3	0.11404047906398773193
31	4	0.24599948525428771973
31	7	0.076207190752029418945
31	8	-0.049553994089365005493
31	9	0.049553994089365005493
31	10	0.049773633480072021484
31	11	-0.049773633480072021484
31	12	-0.099327631294727325439
31	13	0.099327631294727325439
31	26	-0.32136511802673339844
31	27	0.32136511802673339844
31	28	0.36867350339889526367
31	29	-0.36867350339889526367
31	30	-0.69003862142562866211
31	31	0.70003861188888549805
31	32	-0.41001865267753601074
31	33	0.41001865267753601074
31	34	-0.66001868247985839844
31	35	0.66001868247985839844
31	36	0.25
31	37	-0.25
31	50	-0.036096226423978805542
31	51	0.036096226423978805542
31	52	-0.08974984288215637207
31	53	0.08974984288215637207
31	54	0.053653635084629058838
31	55	-0.053653635084629058838
31	59	1
32	0	-0.010757341980934143066
32	3	0.43963944911956787109
32	4	-0.064361780881881713867
32	7	-0.058409102261066436768
32	8	0.19114963710308074951
32	9	-0.19114963710308074951
32	10	-0.11819148808717727661
32	11	0.11819148808717727661
32	12	0.30934113264083862305
32	13	-0.30934113264083862305
32	26	-0.14181928336620330811
32	27	0.14181928336620330811
32	28	-0.551837921142578125
32	29	0.551837921142578125
32	30	0.41001865267753601074
32	31	-0.41001865267753601074
32	32	0.73610007762908935547
32	33	-0.72610008716583251953
32	34	0.28362691402435302734
32	35	-0.28362691402435302734
32	36	0.4424731135368347168
32	37	-0.4424731135368347168
32	50	-0.16844889521598815918
32	51	0.16844889521598815918
32	52	0.035200074315071105957
32	53	-0.035200074315071105957
32	54	-0.20364895462989807129
32	55	0.20364895462989807129
32	60	1
33	0	0.010757341980934143066
33	3	-0.43963944911956787109
33	4	0.064361780881881713867
33	7	0.058409102261066436768
33	8	-0.19114963710308074951
33	9	0.19114963710308074951
33	10	0.11819148808717727661
33	11	-0.11819148808717727661
33	12	-0.30934113264083862305
33	13	0.30934113264083862305
33	26	0.14181928336620330811
33	27	-0.14181928336620330811
33	28	0.551837921142578125
33	29	-0.551837921142578125
33	30	-0.41001865267753601074
33	31	0.41001865267753601074
33	32	-0.72610008716583251953
33	33	0.73610007762908935547
33	34	-0.28362691402435302734
33	35	0.28362691402435302734
33	36	-0.4424731135368347168
33	37	0.4424731135368347168
33	50	0.16844889521598815918
33	51	-0.16844889521598815918
33	52	-0.035200074315071105957
33	53	0.035200074315071105957
33	54	0.20364895462989807129
33	55	-0.20364895462989807129
33	60	1
34	0	-0.055091790854930877686
34	3	-0.20295134186744689941
34	4	-0.15867841243743896484
34	7	-0.095670901238918304443
34	8	-0.0011729560792446136475
34	9	0.0011729560792446136475
34	10	-0.089325189590454101562
34	11	0.089325189590454101562
34	12	0.088152244687080383301
34	13	-0.088152244687080383301
34	26	0.46776396036148071289
34	27	-0.46776396036148071289
34	28	-0.19225469231605529785
34	29	0.19225469231605529785
34	30	0.66001868247985839844
34	31	-0.66001868247985839844
34	32	0.28362691402435302734
34	33	-0.28362691402435302734
34	34	0.73968100547790527344
34	35	-0.7296810150146484375
34	36	-0.44605413079261779785
34	37	0.44605413079261779785
34	50	0.16940507292747497559
34	51	-0.16940507292747497559
34	52	0.14787380397319793701
34	53	-0.14787380397319793701
34	54	0.02153129875659942627
34	55	-0.02153129875659942627
34	60	1
35	0	0.055091790854930877686
35	3	0.20295134186744689941
35	4	0.15867841243743896484
35	7	0.095670901238918304443
35	8	0.0011729560792446136475
35	9	-0.0011729560792446136475
35	10	0.089325189590454101562
35	11	-0.089325189590454101562
35	12	-0.088152244687080383301
35	13	0.088152244687080383301
35	26	-0.46776396036148071289
35	27	0.46776396036148071289
35	28	0.19225469231605529785
35	29	-0.19225469231605529785
35	30	-0.66001868247985839844
35	31	0.66001868247985839844
35	32	-0.28362691402435302734
35	33	0.28362691402435302734
35	34	-0.7296810150146484375
35	35	0.73968100547790527344
35	36	0.44605413079261779785
35	37	-0.44605413079261779785
35	50	-0.16940507292747497559
35	51	0.16940507292747497559
35	52	-0.14787380397319793701
35	53	0.14787380397319793701
35	54	-0.02153129875659942627
35	55	0.02153129875659942627
35	60	1
36	0	0.044334445148706436157
36	3	0.64259076118469238281
36	4	0.094316624104976654053
36	7	0.037261810153722763062
36	8	0.19232255220413208008
36	9	-0.19232255220413208008
36	10	-0.028866291046142578125
36	11	0.028866291046142578125
36	12	0.22118885815143585205
36	13	-0.22118885815143585205
36	26	-0.60958313941955566406
36	27	0.60958313941955566406
36	28	-0.35958319902420043945
36	29	0.35958319902420043945
36	30	-0.25
36	31	0.25
36	32	0.4424731135368347168
36	33	-0.4424731135368347168
36	34	-0.44605413079261779785
36	35	0.44605413079261779785
36	36	0.8985271453857421875
36	37	-0.88852715492248535156
36	50	-0.33785396814346313477
36	51	0.33785396814346313477
36	52	-0.11267373710870742798
36	53	0.11267373710870742798
36	54	-0.22518022358417510986
36	55	0.22518022358417510986
36	60	1
37	0	-0.044334445148706436157
37	3	-0.64259076118469238281
37	4	-0.094316624104976654053
37	7	-0.037261810153722763062
37	8	-0.19232255220413208008
37	9	0.19232255220413208008
37	10	0.028866291046142578125
37	11	-0.028866291046142578125
37	12	-0.22118885815143585205
37	13	0.22118885815143585205
37	26	0.60958313941955566406
37	27	-0.60958313941955566406
37	28	0.35958319902420043945
37	29	-0.35958319902420043945
37	30	0.25
37	31	-0.25
37	32	-0.4424731135368347168
37	33	0.4424731135368347168
37	34	0.44605413079261779785
37	35	-0.44605413079261779785
37	36	-0.88852715492248535156
37	37	0.8985271453857421875
37	50	0.33785396814346313477
37	51	-0.33785396814346313477
37	52	0.11267373710870742798
37	53	-0.11267373710870742798
37	54	0.22518022358417510986
37	55	-0.22518022358417510986
37	60	1
38	1	-0.025390334427356719971
38	2	-0.06708727031946182251
38	5	-0.022365868091583251953
38	6	0.37498688697814941406
38	7	-0.17948082089424133301
38	14	-0.030066099017858505249
38	15	0.030066099017858505249
38	16	-0.017187349498271942139
38	17	0.017187349498271942139
38	18	-0.01287876814603805542
38	19	0.01287876814603805542
38	20	-0.036477386951446533203
38	21	0.036477386951446533203
38	22	-0.025338493287563323975
38	23	0.025338493287563323975
38	24	-0.011138908565044403076
38	25	0.011138908565044403076
38	38	0.47459772229194641113
38	39	-0.4645977318286895752
38	40	0.23148621618747711182
38	41	-0.23148621618747711182
38	42	0.23311151564121246338
38	43	-0.23311151564121246338
38	44	0.21182093024253845215
38	45	-0.21182093024253845215
38	46	0.0097679654136300086975
38	47	-0.0097679654136300086975
38	48	0.20205299556255340576
38	49	-0.20205299556255340576
38	50	0.14060291647911071777
38	51	-0.14060291647911071777
38	52	0.21388897299766540527
38	53	-0.21388897299766540527
38	54	-0.073286041617393493652
38	55	0.073286041617393493652
38	61	1
39	1	0.025390334427356719971
39	2	0.06708727031946182251
39	5	0.022365868091583251953
39	6	-0.37498688697814941406
39	7	0.17948082089424133301
39	14	0.030066099017858505249
39	15	-0.030066099017858505249
39	16	0.017187349498271942139
39	17	-0.017187349498271942139
39	18	0.01287876814603805542
39	19	-0.01287876814603805542
39	20	0.036477386951446533203
39	21	-0.036477386951446533203
39	22	0.025338493287563323975
39	23	-0.025338493287563323975
39	24	0.011138908565044403076
39	25	-0.011138908565044403076
39	38	-0.4645977318286895752
39	39	0.47459772229194641113
39	40	-0.23148621618747711182
39	41	0.23148621618747711182
39	42	-0.23311151564121246338
39	43	0.23311151564121246338
39	44	-0.21182093024253845215
39	45	0.21182093024253845215
39	46	-0.0097679654136300086975
39	47	0.0097679654136300086975
39	48	-0.20205299556255340576
39	49	0.20205299556255340576
39	50	-0.14060291647911071777
39	51	0.14060291647911071777
39	52	-0.21388897299766540527
39	53	0.21388897299766540527
39	54	0.073286041617393493652
39	55	-0.073286041617393493652
39	61	1
40	1	-0.041658271104097366333
40	2	-0.10624469071626663208
40	5	0.040910404175519943237
40	6	0.29731553792953491211
40	7	-0.2881374657154083252
40	14	0.023755282163619995117
40	15	-0.023755282163619995117
40	16	0.016532190144062042236
40	17	-0.016532190144062042236
40	18	0.0072231050580739974976
40	19	-0.0072231050580739974976
40	20	0.077363848686218261719
40	21	-0.077363848686218261719
40	22	0.038766406476497650146
40	23	-0.038766406476497650146
40	24	0.038597442209720611572
40	25	-0.038597442209720611572
40	38	0.23148621618747711182
40	39	-0.23148621618747711182
40	40	0.70116472244262695312
40	41	-0.69116473197937011719
40	42	-0.45967853069305419922
40	43	0.45967853069305419922
40	44	0.21197138726711273193
40	45	-0.21197138726711273193
40	46	0.53313654661178588867
40	47	-0.53313654661178588867
40	48	-0.32116514444351196289
40	49	0.32116514444351196289
40	50	-0.25698244571685791016
40	51	0.25698244571685791016
40	52	-0.0380383320152759552
40	53	0.0380383320152759552
40	54	-0.21894408762454986572
40	55	0.21894408762454986572
40	61	1
41	1	0.041658271104097366333
41	2	0.10624469071626663208
41	5	-0.040910404175519943237
41	6	-0.29731553792953491211
41	7	0.2881374657154083252
41	14	-0.023755282163619995117
41	15	0.023755282163619995117
41	16	-0.016532190144062042236
41	17	0.016532190144062042236
41	18	-0.0072231050580739974976
41	19	0.0072231050580739974976
41	20	-0.077363848686218261719
41	21	0.077363848686218261719
41	22	-0.038766406476497650146
41	23	0.038766406476497650146
41	24	-0.038597442209720611572
41	25	0.038597442209720611572
41	38	-0.23148621618747711182
41	39	0.23148621618747711182
41	40	-0.69116473197937011719
41	41	0.70116472244262695312
41	42	0.45967853069305419922
41	43	-0.45967853069305419922
41	44	-0.21197138726711273193
41	45	0.21197138726711273193
41	46	-0.53313654661178588867
41	47	0.53313654661178588867
41	48	0.32116514444351196289
41	49	-0.32116514444351196289
41	50	0.25698244571685791016
41	51	-0.25698244571685791016
41	52	0.0380383320152759552
41	53	-0.0380383320152759552
41	54	0.21894408762454986572
41	55	-0.21894408762454986572
41	61	1
42	1	0.016267936676740646362
42	2	0.039157431572675704956
42	5	-0.063276275992393493652
42	6	0.077671349048614501953
42	7	0.10865662992000579834
42	14	-0.053821377456188201904
42	15	0.053821377456188201904
42	16	-0.033719524741172790527
42	17	0.033719524741172790527
42	18	-0.020101867616176605225
42	19	0.020101867616176605225
42	20	-0.113841228187084198
42	21	0.113841228187084198
42	22	-0.064104884862899780273
42	23	0.064104884862899780273
42	24	-0.049736343324184417725
42	25	0.049736343324184417725
42	38	0.23311151564121246338
42	39	-0.23311151564121246338
42	40	-0.45967853069305419922
42	41	0.45967853069305419922
42	42	0.70279002189636230469
42	43	-0.69279003143310546875
42	44	-0.00015045329928398132324
42	45	0.00015045329928398132324
42	46	-0.52336853742599487305
42	47	0.52336853742599487305
42	48	0.5232181549072265625
42	49	-0.5232181549072265625
42	50	0.39758539199829101562
42	51	-0.39758539199829101562
42	52	0.25192731618881225586
42	53	-0.25192731618881225586
42	54	0.14565806090831756592
42	55	-0.14565806090831756592
42	61	1
43	1	-0.016267936676740646362
43	2	-0.039157431572675704956
43	5	0.063276275992393493652
43	6	-0.077671349048614501953
43	7	-0.10865662992000579834
43	14	0.053821377456188201904
43	15	-0.053821377456188201904
43	16	0.033719524741172790527
43	17	-0.033719524741172790527
43	18	0.020101867616176605225
43	19	-0.020101867616176605225
43	20	0.113841228187084198
43	21	-0.113841228187084198
43	22	0.064104884862899780273
43	23	-0.064104884862899780273
43	24	0.049736343324184417725
43	25	-0.049736343324184417725
43	38	-0.23311151564121246338
43	39	0.23311151564121246338
43	40	0.45967853069305419922
43	41	-0.45967853069305419922
43	42	-0.69279003143310546875
43	43	0.70279002189636230469
43	44	0.00015045329928398132324
43	45	-0.00015045329928398132324
43	46	0.52336853742599487305
43	47	-0.52336853742599487305
43	48	-0.5232181549072265625
43	49	0.5232181549072265625
43	50	-0.39758539199829101562
43	51	0.39758539199829101562
43	52	-0.25192731618881225586
43	53	0.25192731618881225586
43	54	-0.14565806090831756592
43	55	0.14565806090831756592
43	61	1
44	1	0.1254971623420715332
44	2	-0.018286518752574920654
44	5	-0.4276103675365447998
44	6	0.074516877532005310059
44	7	-0.053112901747226715088
44	14	-0.025448538362979888916
44	15	0.025448538362979888916
44	16	0.16941624879837036133
44	17	-0.16941624879837036133
44	18	-0.19486474990844726562
44	19	0.19486474990844726562
44	20	-0.036623500287532806396
44	21	0.036623500287532806396
44	22	0.14730688929557800293
44	23	-0.14730688929557800293
44	24	-0.18393039703369140625
