2022-06-27 06:18:31.055781+0200 HaradaExperiment[1971:227312] Metal GPU Frame Capture Enabled
2022-06-27 06:18:31.056082+0200 HaradaExperiment[1971:227312] Metal API Validation Enabled
loaded: duck-color from asset catalog
loaded: duck-color from asset catalog


iteration: 0


iteration: 1


iteration: 2


iteration: 3


iteration: 4


iteration: 5


iteration: 6


iteration: 7


iteration: 8


iteration: 9


iteration: 10


iteration: 11


iteration: 12


iteration: 13


iteration: 14


iteration: 15


iteration: 16


iteration: 17


iteration: 18


iteration: 19


iteration: 20


iteration: 21


iteration: 22


iteration: 23


iteration: 24


iteration: 25


iteration: 26


iteration: 27


iteration: 28


iteration: 29


iteration: 30


iteration: 31


iteration: 32


iteration: 33


iteration: 34


iteration: 35


iteration: 36


iteration: 37


iteration: 38


iteration: 39


iteration: 40


iteration: 41


iteration: 42


iteration: 43


iteration: 44


iteration: 45


iteration: 46


iteration: 47


iteration: 48


iteration: 49


iteration: 50


iteration: 51


iteration: 52


iteration: 53


iteration: 54


iteration: 55


iteration: 56


iteration: 57


iteration: 58


iteration: 59


iteration: 60


iteration: 61


iteration: 62


iteration: 63


iteration: 64


iteration: 65


iteration: 66


iteration: 67


iteration: 68


iteration: 69


iteration: 70


iteration: 71


iteration: 72


iteration: 73


iteration: 74


iteration: 75


iteration: 76


iteration: 77


iteration: 78


iteration: 79


iteration: 80


iteration: 81


iteration: 82


iteration: 83


iteration: 84


iteration: 85


iteration: 86


iteration: 87


iteration: 88


iteration: 89


iteration: 90


iteration: 91


iteration: 92


iteration: 93


iteration: 94


iteration: 95


iteration: 96


iteration: 97


iteration: 98


iteration: 99


iteration: 100


iteration: 101


iteration: 102


iteration: 103


iteration: 104


iteration: 105


iteration: 106


iteration: 107


iteration: 108


iteration: 109


iteration: 110


iteration: 111


iteration: 112


iteration: 113


iteration: 114


iteration: 115


iteration: 116


iteration: 117


iteration: 118


iteration: 119


iteration: 120


iteration: 121


iteration: 122


iteration: 123


iteration: 124


iteration: 125


iteration: 126


iteration: 127


iteration: 128


iteration: 129


iteration: 130


iteration: 131


iteration: 132
generating sample matrix BEGIN
0	0	0.2123384326696395874
0	1	0.16527038812637329102
0	2	0.085982009768486022949
0	3	0.048914015293121337891
0	4	0.0066936314105987548828
0	5	-0.035365886986255645752
0	6	0.035365886986255645752
0	7	-0.087875068187713623047
0	8	0.087875068187713623047
0	9	0.052509181201457977295
0	10	-0.052509181201457977295
0	11	-0.031933203339576721191
0	12	0.031933203339576721191
0	13	-0.1169891059398651123
0	14	0.1169891059398651123
0	15	0.085055910050868988037
0	16	-0.085055910050868988037
0	17	-0.011681835167109966278
0	18	0.011681835167109966278
0	19	-0.097572244703769683838
0	20	0.097572244703769683838
0	21	0.085890412330627441406
0	22	-0.085890412330627441406
0	23	-0.0082491589710116386414
0	24	0.0082491589710116386414
0	25	-0.12668627500534057617
0	26	0.12668627500534057617
0	27	0.11843711882829666138
0	28	-0.11843711882829666138
0	29	0.0085695330053567886353
0	30	-0.0085695330053567886353
0	31	-0.078155383467674255371
0	32	0.078155383467674255371
0	33	0.086724907159805297852
0	34	-0.086724907159805297852
1	0	0.16527038812637329102
1	1	0.19619773328304290771
1	2	0.1089172661304473877
1	3	0.12984460592269897461
1	4	0.031636774539947509766
1	5	0.023068726062774658203
1	6	-0.023068726062774658203
1	7	-0.042898479849100112915
1	8	0.042898479849100112915
1	9	0.065967202186584472656
1	10	-0.065967202186584472656
1	11	0.036621928215026855469
1	12	-0.036621928215026855469
1	13	-0.062345419079065322876
1	14	0.062345419079065322876
1	15	0.098967343568801879883
1	16	-0.098967343568801879883
1	17	0.051852595061063766479
1	18	-0.051852595061063766479
1	19	-0.046827241778373718262
1	20	0.046827241778373718262
1	21	0.098679840564727783203
1	22	-0.098679840564727783203
1	23	0.065405786037445068359
1	24	-0.065405786037445068359
1	25	-0.066274166107177734375
1	26	0.066274166107177734375
1	27	0.13167995214462280273
1	28	-0.13167995214462280273
1	29	0.067083254456520080566
1	30	-0.067083254456520080566
1	31	-0.031309064477682113647
1	32	0.031309064477682113647
1	33	0.098392322659492492676
1	34	-0.098392322659492492676
2	0	0.085982009768486022949
2	1	0.1089172661304473877
2	2	0.12238180637359619141
2	3	0.13531705737113952637
2	4	0.11584635078907012939
2	5	0.023041073232889175415
2	6	-0.023041073232889175415
2	7	0.019810985773801803589
2	8	-0.019810985773801803589
2	9	0.0032300897873938083649
2	10	-0.0032300897873938083649
2	11	0.026704436168074607849
2	12	-0.026704436168074607849
2	13	0.024419188499450683594
2	14	-0.024419188499450683594
2	15	0.0022852476686239242554
2	16	-0.0022852476686239242554
2	17	0.024135475978255271912
2	18	-0.024135475978255271912
2	19	0.022297963500022888184
2	20	-0.022297963500022888184
2	21	0.0018375115469098091125
2	22	-0.0018375115469098091125
2	23	0.027798837050795555115
2	24	-0.027798837050795555115
2	25	0.026906166225671768188
2	26	-0.026906166225671768188
2	27	0.00089267082512378692627
2	28	-0.00089267082512378692627
2	29	0.021566510200500488281
2	30	-0.021566510200500488281
2	31	0.020176734775304794312
2	32	-0.020176734775304794312
2	33	0.0013897754251956939697
2	34	-0.0013897754251956939697
3	0	0.048914015293121337891
3	1	0.12984460592269897461
3	2	0.13531705737113952637
3	3	0.22624759376049041748
3	4	0.14078944921493530273
3	5	0.081475660204887390137
3	6	-0.081475660204887390137
3	7	0.064787529408931732178
3	8	-0.064787529408931732178
3	9	0.016688134521245956421
3	10	-0.016688134521245956421
3	11	0.095259532332420349121
3	12	-0.095259532332420349121
3	13	0.079062834382057189941
3	14	-0.079062834382057189941
3	15	0.016196703538298606873
3	16	-0.016196703538298606873
3	17	0.08766987919807434082
3	18	-0.08766987919807434082
3	19	0.073042921721935272217
3	20	-0.073042921721935272217
3	21	0.014626961201429367065
3	22	-0.014626961201429367065
3	23	0.10145375877618789673
3	24	-0.10145375877618789673
3	25	0.08731822669506072998
3	26	-0.08731822669506072998
3	27	0.014135539531707763672
3	28	-0.014135539531707763672
3	29	0.080080218613147735596
3	30	-0.080080218613147735596
3	31	0.067023009061813354492
3	32	-0.067023009061813354492
3	33	0.013057217001914978027
3	34	-0.013057217001914978027
4	0	0.0066936314105987548828
4	1	0.031636774539947509766
4	2	0.11584635078907012939
4	3	0.14078944921493530273
4	4	0.21005593240261077881
4	5	0.023013392463326454163
4	6	-0.023013392463326454163
4	7	0.082520455121994018555
4	8	-0.082520455121994018555
4	9	-0.059507049620151519775
4	10	0.059507049620151519775
4	11	0.016786912456154823303
4	12	-0.016786912456154823303
4	13	0.11118378490209579468
4	14	-0.11118378490209579468
4	15	-0.094396881759166717529
4	16	0.094396881759166717529
4	17	-0.0035816784948110580444
4	18	0.0035816784948110580444
4	19	0.091423168778419494629
4	20	-0.091423168778419494629
4	21	-0.09500484168529510498
4	22	0.09500484168529510498
4	23	-0.0098081519827246665955
4	24	0.0098081519827246665955
4	25	0.12008649110794067383
4	26	-0.12008649110794067383
4	27	-0.12989464402198791504
4	28	0.12989464402198791504
4	29	-0.023950267583131790161
4	30	0.023950267583131790161
4	31	0.071662537753582000732
4	32	-0.071662537753582000732
4	33	-0.095612794160842895508
4	34	0.095612794160842895508
5	0	-0.035365886986255645752
5	1	0.023068726062774658203
5	2	0.023041073232889175415
5	3	0.081475660204887390137
5	4	0.023013392463326454163
5	5	0.27469998598098754883
5	6	-0.26469999551773071289
5	7	0.12284899502992630005
5	8	-0.12284899502992630005
5	9	0.14185100793838500977
5	10	-0.14185100793838500977
5	11	0.24827094376087188721
5	12	-0.24827094376087188721
5	13	0.19426625967025756836
5	14	-0.19426625967025756836
5	15	0.054004680365324020386
5	16	-0.054004680365324020386
5	17	0.15444427728652954102
5	18	-0.15444427728652954102
5	19	0.12335474789142608643
5	20	-0.12335474789142608643
5	21	0.031089540570974349976
5	22	-0.031089540570974349976
5	23	0.13801524043083190918
5	24	-0.13801524043083190918
5	25	0.19477197527885437012
5	26	-0.19477197527885437012
5	27	-0.056756727397441864014
5	28	0.056756727397441864014
5	29	0.06061762198805809021
5	30	-0.06061762198805809021
5	31	0.052443198859691619873
5	32	-0.052443198859691619873
5	33	0.0081744119524955749512
5	34	-0.0081744119524955749512
5	35	1
6	0	0.035365886986255645752
6	1	-0.023068726062774658203
6	2	-0.023041073232889175415
6	3	-0.081475660204887390137
6	4	-0.023013392463326454163
6	5	-0.26469999551773071289
6	6	0.27469998598098754883
6	7	-0.12284899502992630005
6	8	0.12284899502992630005
6	9	-0.14185100793838500977
6	10	0.14185100793838500977
6	11	-0.24827094376087188721
6	12	0.24827094376087188721
6	13	-0.19426625967025756836
6	14	0.19426625967025756836
6	15	-0.054004680365324020386
6	16	0.054004680365324020386
6	17	-0.15444427728652954102
6	18	0.15444427728652954102
6	19	-0.12335474789142608643
6	20	0.12335474789142608643
6	21	-0.031089540570974349976
6	22	0.031089540570974349976
6	23	-0.13801524043083190918
6	24	0.13801524043083190918
6	25	-0.19477197527885437012
6	26	0.19477197527885437012
6	27	0.056756727397441864014
6	28	-0.056756727397441864014
6	29	-0.06061762198805809021
6	30	0.06061762198805809021
6	31	-0.052443198859691619873
6	32	0.052443198859691619873
6	33	-0.0081744119524955749512
6	34	0.0081744119524955749512
6	35	1
7	0	-0.087875068187713623047
7	1	-0.042898479849100112915
7	2	0.019810985773801803589
7	3	0.064787529408931732178
7	4	0.082520455121994018555
7	5	0.12284899502992630005
7	6	-0.12284899502992630005
7	7	0.20181819796562194824
7	8	-0.19181819260120391846
7	9	-0.068969205021858215332
7	10	0.068969205021858215332
7	11	0.11573205143213272095
7	12	-0.11573205143213272095
7	13	0.23398150503635406494
7	14	-0.23398150503635406494
7	15	-0.11824946105480194092
7	16	0.11824946105480194092
7	17	0.074575126171112060547
7	18	-0.074575126171112060547
7	19	0.19962415099143981934
7	20	-0.19962415099143981934
7	21	-0.12504900991916656494
7	22	0.12504900991916656494
7	23	0.067458204925060272217
7	24	-0.067458204925060272217
7	25	0.24178744852542877197
7	26	-0.24178744852542877197
7	27	-0.17432925105094909668
7	28	0.17432925105094909668
7	29	0.033418200910091400146
7	30	-0.033418200910091400146
7	31	0.16526673734188079834
7	32	-0.16526673734188079834
7	33	-0.13184854388236999512
7	34	0.13184854388236999512
7	35	1
8	0	0.087875068187713623047
8	1	0.042898479849100112915
8	2	-0.019810985773801803589
8	3	-0.064787529408931732178
8	4	-0.082520455121994018555
8	5	-0.12284899502992630005
8	6	0.12284899502992630005
8	7	-0.19181819260120391846
8	8	0.20181819796562194824
8	9	0.068969205021858215332
8	10	-0.068969205021858215332
8	11	-0.11573205143213272095
8	12	0.11573205143213272095
8	13	-0.23398150503635406494
8	14	0.23398150503635406494
8	15	0.11824946105480194092
8	16	-0.11824946105480194092
8	17	-0.074575126171112060547
8	18	0.074575126171112060547
8	19	-0.19962415099143981934
8	20	0.19962415099143981934
8	21	0.12504900991916656494
8	22	-0.12504900991916656494
8	23	-0.067458204925060272217
8	24	0.067458204925060272217
8	25	-0.24178744852542877197
8	26	0.24178744852542877197
8	27	0.17432925105094909668
8	28	-0.17432925105094909668
8	29	-0.033418200910091400146
8	30	0.033418200910091400146
8	31	-0.16526673734188079834
8	32	0.16526673734188079834
8	33	0.13184854388236999512
8	34	-0.13184854388236999512
8	35	1
9	0	0.052509181201457977295
9	1	0.065967202186584472656
9	2	0.0032300897873938083649
9	3	0.016688134521245956421
9	4	-0.059507049620151519775
9	5	0.14185100793838500977
9	6	-0.14185100793838500977
9	7	-0.068969205021858215332
9	8	0.068969205021858215332
9	9	0.22082021832466125488
9	10	-0.2108202129602432251
9	11	0.13253888487815856934
9	12	-0.13253888487815856934
9	13	-0.039715252816677093506
9	14	0.039715252816677093506
9	15	0.17225414514541625977
9	16	-0.17225414514541625977
9	17	0.079869151115417480469
9	18	-0.079869151115417480469
9	19	-0.076269388198852539062
9	20	0.076269388198852539062
9	21	0.15613853931427001953
9	22	-0.15613853931427001953
9	23	0.070557042956352233887
9	24	-0.070557042956352233887
9	25	-0.047015450894832611084
9	26	0.047015450894832611084
9	27	0.11757248640060424805
9	28	-0.11757248640060424805
9	29	0.02719941362738609314
9	30	-0.02719941362738609314
9	31	-0.11282353848218917847
9	32	0.11282353848218917847
9	33	0.14002294838428497314
9	34	-0.14002294838428497314
9	35	1
10	0	-0.052509181201457977295
10	1	-0.065967202186584472656
10	2	-0.0032300897873938083649
10	3	-0.016688134521245956421
10	4	0.059507049620151519775
10	5	-0.14185100793838500977
10	6	0.14185100793838500977
10	7	0.068969205021858215332
10	8	-0.068969205021858215332
10	9	-0.2108202129602432251
10	10	0.22082021832466125488
10	11	-0.13253888487815856934
10	12	0.13253888487815856934
10	13	0.039715252816677093506
10	14	-0.039715252816677093506
10	15	-0.17225414514541625977
10	16	0.17225414514541625977
10	17	-0.079869151115417480469
10	18	0.079869151115417480469
10	19	0.076269388198852539062
10	20	-0.076269388198852539062
10	21	-0.15613853931427001953
10	22	0.15613853931427001953
10	23	-0.070557042956352233887
10	24	0.070557042956352233887
10	25	0.047015450894832611084
10	26	-0.047015450894832611084
10	27	-0.11757248640060424805
10	28	0.11757248640060424805
10	29	-0.02719941362738609314
10	30	0.02719941362738609314
10	31	0.11282353848218917847
10	32	-0.11282353848218917847
10	33	-0.14002294838428497314
10	34	0.14002294838428497314
10	35	1
11	0	-0.031933203339576721191
11	1	0.036621928215026855469
11	2	0.026704436168074607849
11	3	0.095259532332420349121
11	4	0.016786912456154823303
11	5	0.24827094376087188721
11	6	-0.24827094376087188721
11	7	0.11573205143213272095
11	8	-0.11573205143213272095
11	9	0.13253888487815856934
11	10	-0.13253888487815856934
11	11	0.25195705890655517578
11	12	-0.241957053542137146
11	13	0.16949647665023803711
11	14	-0.16949647665023803711
11	15	0.072460584342479705811
11	16	-0.072460584342479705811
11	17	0.1728827357292175293
11	18	-0.1728827357292175293
11	19	0.11780524998903274536
11	20	-0.11780524998903274536
11	21	0.055077493190765380859
11	22	-0.055077493190765380859
11	23	0.16656887531280517578
11	24	-0.16656887531280517578
11	25	0.17156964540481567383
11	26	-0.17156964540481567383
11	27	-0.0050007551908493041992
11	28	0.0050007551908493041992
11	29	0.10380842536687850952
11	30	-0.10380842536687850952
11	31	0.066114000976085662842
11	32	-0.066114000976085662842
11	33	0.037694420665502548218
11	34	-0.037694420665502548218
11	36	1
12	0	0.031933203339576721191
12	1	-0.036621928215026855469
12	2	-0.026704436168074607849
12	3	-0.095259532332420349121
12	4	-0.016786912456154823303
12	5	-0.24827094376087188721
12	6	0.24827094376087188721
12	7	-0.11573205143213272095
12	8	0.11573205143213272095
12	9	-0.13253888487815856934
12	10	0.13253888487815856934
12	11	-0.241957053542137146
12	12	0.25195705890655517578
12	13	-0.16949647665023803711
12	14	0.16949647665023803711
12	15	-0.072460584342479705811
12	16	0.072460584342479705811
12	17	-0.1728827357292175293
12	18	0.1728827357292175293
12	19	-0.11780524998903274536
12	20	0.11780524998903274536
12	21	-0.055077493190765380859
12	22	0.055077493190765380859
12	23	-0.16656887531280517578
12	24	0.16656887531280517578
12	25	-0.17156964540481567383
12	26	0.17156964540481567383
12	27	0.0050007551908493041992
12	28	-0.0050007551908493041992
12	29	-0.10380842536687850952
12	30	0.10380842536687850952
12	31	-0.066114000976085662842
12	32	0.066114000976085662842
12	33	-0.037694420665502548218
12	34	0.037694420665502548218
12	36	1
13	0	-0.1169891059398651123
13	1	-0.062345419079065322876
13	2	0.024419188499450683594
13	3	0.079062834382057189941
13	4	0.11118378490209579468
13	5	0.19426625967025756836
13	6	-0.19426625967025756836
13	7	0.23398150503635406494
13	8	-0.23398150503635406494
13	9	-0.039715252816677093506
13	10	0.039715252816677093506
13	11	0.16949647665023803711
13	12	-0.16949647665023803711
13	13	0.33255487680435180664
13	14	-0.3225548863410949707
13	15	-0.15305843949317932129
13	16	0.15305843949317932129
13	17	0.068136908113956451416
13	18	-0.068136908113956451416
13	19	0.24144990742206573486
13	20	-0.24144990742206573486
13	21	-0.17331297695636749268
13	22	0.17331297695636749268
13	23	0.043367162346839904785
13	24	-0.043367162346839904785
13	25	0.33002325892448425293
13	26	-0.33002325892448425293
13	27	-0.2866560816764831543
13	28	0.2866560816764831543
13	29	-0.03322264552116394043
13	30	0.03322264552116394043
13	31	0.16034486889839172363
13	32	-0.16034486889839172363
13	33	-0.19356751441955566406
13	34	0.19356751441955566406
13	36	1
14	0	0.1169891059398651123
14	1	0.062345419079065322876
14	2	-0.024419188499450683594
14	3	-0.079062834382057189941
14	4	-0.11118378490209579468
14	5	-0.19426625967025756836
14	6	0.19426625967025756836
14	7	-0.23398150503635406494
14	8	0.23398150503635406494
14	9	0.039715252816677093506
14	10	-0.039715252816677093506
14	11	-0.16949647665023803711
14	12	0.16949647665023803711
14	13	-0.3225548863410949707
14	14	0.33255487680435180664
14	15	0.15305843949317932129
14	16	-0.15305843949317932129
14	17	-0.068136908113956451416
14	18	0.068136908113956451416
14	19	-0.24144990742206573486
14	20	0.24144990742206573486
14	21	0.17331297695636749268
14	22	-0.17331297695636749268
14	23	-0.043367162346839904785
14	24	0.043367162346839904785
14	25	-0.33002325892448425293
14	26	0.33002325892448425293
14	27	0.2866560816764831543
14	28	-0.2866560816764831543
14	29	0.03322264552116394043
14	30	-0.03322264552116394043
14	31	-0.16034486889839172363
14	32	0.16034486889839172363
14	33	0.19356751441955566406
14	34	-0.19356751441955566406
14	36	1
15	0	0.085055910050868988037
15	1	0.098967343568801879883
15	2	0.0022852476686239242554
15	3	0.016196703538298606873
15	4	-0.094396881759166717529
15	5	0.054004680365324020386
15	6	-0.054004680365324020386
15	7	-0.11824946105480194092
15	8	0.11824946105480194092
15	9	0.17225414514541625977
15	10	-0.17225414514541625977
15	11	0.072460584342479705811
15	12	-0.072460584342479705811
15	13	-0.15305843949317932129
15	14	0.15305843949317932129
15	15	0.23551902174949645996
15	16	-0.22551901638507843018
15	17	0.1047458350658416748
15	18	-0.1047458350658416748
15	19	-0.1236446574330329895
15	20	0.1236446574330329895
15	21	0.22839048504829406738
15	22	-0.22839048504829406738
15	23	0.12320172041654586792
15	24	-0.12320172041654586792
15	25	-0.1584536135196685791
15	26	0.1584536135196685791
15	27	0.28165534138679504395
15	28	-0.28165534138679504395
15	29	0.13703107833862304688
15	30	-0.13703107833862304688
15	31	-0.094230860471725463867
15	32	0.094230860471725463867
15	33	0.23126193881034851074
15	34	-0.23126193881034851074
15	36	1
16	0	-0.085055910050868988037
16	1	-0.098967343568801879883
16	2	-0.0022852476686239242554
16	3	-0.016196703538298606873
16	4	0.094396881759166717529
16	5	-0.054004680365324020386
16	6	0.054004680365324020386
16	7	0.11824946105480194092
16	8	-0.11824946105480194092
16	9	-0.17225414514541625977
16	10	0.17225414514541625977
16	11	-0.072460584342479705811
16	12	0.072460584342479705811
16	13	0.15305843949317932129
16	14	-0.15305843949317932129
16	15	-0.22551901638507843018
16	16	0.23551902174949645996
16	17	-0.1047458350658416748
16	18	0.1047458350658416748
16	19	0.1236446574330329895
16	20	-0.1236446574330329895
16	21	-0.22839048504829406738
16	22	0.22839048504829406738
16	23	-0.12320172041654586792
16	24	0.12320172041654586792
16	25	0.1584536135196685791
16	26	-0.1584536135196685791
16	27	-0.28165534138679504395
16	28	0.28165534138679504395
16	29	-0.13703107833862304688
16	30	0.13703107833862304688
16	31	0.094230860471725463867
16	32	-0.094230860471725463867
16	33	-0.23126193881034851074
16	34	0.23126193881034851074
16	36	1
17	0	-0.011681835167109966278
17	1	0.051852595061063766479
17	2	0.024135475978255271912
17	3	0.08766987919807434082
17	4	-0.0035816784948110580444
17	5	0.15444427728652954102
17	6	-0.15444427728652954102
17	7	0.074575126171112060547
17	8	-0.074575126171112060547
17	9	0.079869151115417480469
17	10	-0.079869151115417480469
17	11	0.1728827357292175293
17	12	-0.1728827357292175293
17	13	0.068136908113956451416
17	14	-0.068136908113956451416
17	15	0.1047458350658416748
17	16	-0.1047458350658416748
17	17	0.19571159780025482178
17	18	-0.18571159243583679199
17	19	0.079269930720329284668
17	20	-0.079269930720329284668
17	21	0.10644166171550750732
17	22	-0.10644166171550750732
17	23	0.20415003597736358643
17	24	-0.20415003597736358643
17	25	0.072831705212593078613
17	26	-0.072831705212593078613
17	27	0.13131833076477050781
17	28	-0.13131833076477050781
17	29	0.19854043424129486084
17	30	-0.19854043424129486084
17	31	0.09040295332670211792
17	32	-0.09040295332670211792
17	33	0.108137473464012146
17	34	-0.108137473464012146
17	37	1
18	0	0.011681835167109966278
18	1	-0.051852595061063766479
18	2	-0.024135475978255271912
18	3	-0.08766987919807434082
18	4	0.0035816784948110580444
18	5	-0.15444427728652954102
18	6	0.15444427728652954102
18	7	-0.074575126171112060547
18	8	0.074575126171112060547
18	9	-0.079869151115417480469
18	10	0.079869151115417480469
18	11	-0.1728827357292175293
18	12	0.1728827357292175293
18	13	-0.068136908113956451416
18	14	0.068136908113956451416
18	15	-0.1047458350658416748
18	16	0.1047458350658416748
18	17	-0.18571159243583679199
18	18	0.19571159780025482178
18	19	-0.079269930720329284668
18	20	0.079269930720329284668
18	21	-0.10644166171550750732
18	22	0.10644166171550750732
18	23	-0.20415003597736358643
18	24	0.20415003597736358643
18	25	-0.072831705212593078613
18	26	0.072831705212593078613
18	27	-0.13131833076477050781
18	28	0.13131833076477050781
18	29	-0.19854043424129486084
18	30	0.19854043424129486084
18	31	-0.09040295332670211792
18	32	0.09040295332670211792
18	33	-0.108137473464012146
18	34	0.108137473464012146
18	37	1
19	0	-0.097572244703769683838
19	1	-0.046827241778373718262
19	2	0.022297963500022888184
19	3	0.073042921721935272217
19	4	0.091423168778419494629
19	5	0.12335474789142608643
19	6	-0.12335474789142608643
19	7	0.19962415099143981934
19	8	-0.19962415099143981934
19	9	-0.076269388198852539062
19	10	0.076269388198852539062
19	11	0.11780524998903274536
19	12	-0.11780524998903274536
19	13	0.24144990742206573486
19	14	-0.24144990742206573486
19	15	-0.1236446574330329895
19	16	0.1236446574330329895
19	17	0.079269930720329284668
19	18	-0.079269930720329284668
19	19	0.21874125301837921143
19	20	-0.20874124765396118164
19	21	-0.12947130203247070312
19	22	0.12947130203247070312
19	23	0.073720447719097137451
19	24	-0.073720447719097137451
19	25	0.25056698918342590332
19	26	-0.25056698918342590332
19	27	-0.17684653401374816895
19	28	0.17684653401374816895
19	29	0.040734611451625823975
19	30	-0.040734611451625823975
19	31	0.17603257298469543457
19	32	-0.17603257298469543457
19	33	-0.13529795408248901367
19	34	0.13529795408248901367
19	37	1
20	0	0.097572244703769683838
20	1	0.046827241778373718262
20	2	-0.022297963500022888184
20	3	-0.073042921721935272217
20	4	-0.091423168778419494629
20	5	-0.12335474789142608643
20	6	0.12335474789142608643
20	7	-0.19962415099143981934
20	8	0.19962415099143981934
20	9	0.076269388198852539062
20	10	-0.076269388198852539062
20	11	-0.11780524998903274536
20	12	0.11780524998903274536
20	13	-0.24144990742206573486
20	14	0.24144990742206573486
20	15	0.1236446574330329895
20	16	-0.1236446574330329895
20	17	-0.079269930720329284668
20	18	0.079269930720329284668
20	19	-0.20874124765396118164
20	20	0.21874125301837921143
20	21	0.12947130203247070312
20	22	-0.12947130203247070312
20	23	-0.073720447719097137451
20	24	0.073720447719097137451
20	25	-0.25056698918342590332
20	26	0.25056698918342590332
20	27	0.17684653401374816895
20	28	-0.17684653401374816895
20	29	-0.040734611451625823975
20	30	0.040734611451625823975
20	31	-0.17603257298469543457
20	32	0.17603257298469543457
20	33	0.13529795408248901367
20	34	-0.13529795408248901367
20	37	1
21	0	0.085890412330627441406
21	1	0.098679840564727783203
21	2	0.0018375115469098091125
21	3	0.014626961201429367065
21	4	-0.09500484168529510498
21	5	0.031089540570974349976
21	6	-0.031089540570974349976
21	7	-0.12504900991916656494
21	8	0.12504900991916656494
21	9	0.15613853931427001953
21	10	-0.15613853931427001953
21	11	0.055077493190765380859
21	12	-0.055077493190765380859
21	13	-0.17331297695636749268
21	14	0.17331297695636749268
21	15	0.22839048504829406738
21	16	-0.22839048504829406738
21	17	0.10644166171550750732
21	18	-0.10644166171550750732
21	19	-0.12947130203247070312
21	20	0.12947130203247070312
21	21	0.24591296911239624023
21	22	-0.23591296374797821045
21	23	0.1304295957088470459
21	24	-0.1304295957088470459
21	25	-0.17773526906967163086
21	26	0.17773526906967163086
21	27	0.30816489458084106445
21	28	-0.30816489458084106445
21	29	0.15780583024024963379
21	30	-0.15780583024024963379
21	31	-0.085629612207412719727
21	32	0.085629612207412719727
21	33	0.24343542754650115967
21	34	-0.24343542754650115967
21	37	1
22	0	-0.085890412330627441406
22	1	-0.098679840564727783203
22	2	-0.0018375115469098091125
22	3	-0.014626961201429367065
22	4	0.09500484168529510498
22	5	-0.031089540570974349976
22	6	0.031089540570974349976
22	7	0.12504900991916656494
22	8	-0.12504900991916656494
22	9	-0.15613853931427001953
22	10	0.15613853931427001953
22	11	-0.055077493190765380859
22	12	0.055077493190765380859
22	13	0.17331297695636749268
22	14	-0.17331297695636749268
22	15	-0.22839048504829406738
22	16	0.22839048504829406738
22	17	-0.10644166171550750732
22	18	0.10644166171550750732
22	19	0.12947130203247070312
22	20	-0.12947130203247070312
22	21	-0.23591296374797821045
22	22	0.24591296911239624023
22	23	-0.1304295957088470459
22	24	0.1304295957088470459
22	25	0.17773526906967163086
22	26	-0.17773526906967163086
22	27	-0.30816489458084106445
22	28	0.30816489458084106445
22	29	-0.15780583024024963379
22	30	0.15780583024024963379
22	31	0.085629612207412719727
22	32	-0.085629612207412719727
22	33	-0.24343542754650115967
22	34	0.24343542754650115967
22	37	1
23	0	-0.0082491589710116386414
23	1	0.065405786037445068359
23	2	0.027798837050795555115
23	3	0.10145375877618789673
23	4	-0.0098081519827246665955
23	5	0.13801524043083190918
23	6	-0.13801524043083190918
23	7	0.067458204925060272217
23	8	-0.067458204925060272217
23	9	0.070557042956352233887
23	10	-0.070557042956352233887
23	11	0.16656887531280517578
23	12	-0.16656887531280517578
23	13	0.043367162346839904785
23	14	-0.043367162346839904785
23	15	0.12320172041654586792
23	16	-0.12320172041654586792
23	17	0.20415003597736358643
23	18	-0.20415003597736358643
23	19	0.073720447719097137451
23	20	-0.073720447719097137451
23	21	0.1304295957088470459
23	22	-0.1304295957088470459
23	23	0.24270364642143249512
23	24	-0.23270364105701446533
23	25	0.04962940514087677002
23	26	-0.04962940514087677002
23	27	0.18307423591613769531
23	28	-0.18307423591613769531
23	29	0.24173119664192199707
23	30	-0.24173119664192199707
23	31	0.10407374799251556396
23	32	-0.10407374799251556396
23	33	0.13765746355056762695
23	34	-0.13765746355056762695
23	38	1
24	0	0.0082491589710116386414
24	1	-0.065405786037445068359
24	2	-0.027798837050795555115
24	3	-0.10145375877618789673
24	4	0.0098081519827246665955
24	5	-0.13801524043083190918
24	6	0.13801524043083190918
24	7	-0.067458204925060272217
24	8	0.067458204925060272217
24	9	-0.070557042956352233887
24	10	0.070557042956352233887
24	11	-0.16656887531280517578
24	12	0.16656887531280517578
24	13	-0.043367162346839904785
24	14	0.043367162346839904785
24	15	-0.12320172041654586792
24	16	0.12320172041654586792
24	17	-0.20415003597736358643
24	18	0.20415003597736358643
24	19	-0.073720447719097137451
24	20	0.073720447719097137451
24	21	-0.1304295957088470459
24	22	0.1304295957088470459
24	23	-0.23270364105701446533
24	24	0.24270364642143249512
24	25	-0.04962940514087677002
24	26	0.04962940514087677002
24	27	-0.18307423591613769531
24	28	0.18307423591613769531
24	29	-0.24173119664192199707
24	30	0.24173119664192199707
24	31	-0.10407374799251556396
24	32	0.10407374799251556396
24	33	-0.13765746355056762695
24	34	0.13765746355056762695
24	38	1
25	0	-0.12668627500534057617
25	1	-0.066274166107177734375
25	2	0.026906166225671768188
25	3	0.08731822669506072998
25	4	0.12008649110794067383
25	5	0.19477197527885437012
25	6	-0.19477197527885437012
25	7	0.24178744852542877197
25	8	-0.24178744852542877197
25	9	-0.047015450894832611084
25	10	0.047015450894832611084
25	11	0.17156964540481567383
25	12	-0.17156964540481567383
25	13	0.33002325892448425293
25	14	-0.33002325892448425293
25	15	-0.1584536135196685791
25	16	0.1584536135196685791
25	17	0.072831705212593078613
25	18	-0.072831705212593078613
25	19	0.25056698918342590332
25	20	-0.25056698918342590332
25	21	-0.17773526906967163086
25	22	0.17773526906967163086
25	23	0.04962940514087677002
25	24	-0.04962940514087677002
25	25	0.34880274534225463867
25	26	-0.33880275487899780273
25	27	-0.28917336463928222656
25	28	0.28917336463928222656
25	29	-0.02590621262788772583
25	30	0.02590621262788772583
25	31	0.17111068964004516602
25	32	-0.17111068964004516602
25	33	-0.19701689481735229492
25	34	0.19701689481735229492
25	38	1
26	0	0.12668627500534057617
26	1	0.066274166107177734375
26	2	-0.026906166225671768188
26	3	-0.08731822669506072998
26	4	-0.12008649110794067383
26	5	-0.19477197527885437012
26	6	0.19477197527885437012
26	7	-0.24178744852542877197
26	8	0.24178744852542877197
26	9	0.047015450894832611084
26	10	-0.047015450894832611084
26	11	-0.17156964540481567383
26	12	0.17156964540481567383
26	13	-0.33002325892448425293
26	14	0.33002325892448425293
26	15	0.1584536135196685791
26	16	-0.1584536135196685791
26	17	-0.072831705212593078613
26	18	0.072831705212593078613
26	19	-0.25056698918342590332
26	20	0.25056698918342590332
26	21	0.17773526906967163086
26	22	-0.17773526906967163086
26	23	-0.04962940514087677002
26	24	0.04962940514087677002
26	25	-0.33880275487899780273
26	26	0.34880274534225463867
26	27	0.28917336463928222656
26	28	-0.28917336463928222656
26	29	0.02590621262788772583
26	30	-0.02590621262788772583
26	31	-0.17111068964004516602
26	32	0.17111068964004516602
26	33	0.19701689481735229492
26	34	-0.19701689481735229492
26	38	1
27	0	0.11843711882829666138
27	1	0.13167995214462280273
27	2	0.00089267082512378692627
27	3	0.014135539531707763672
27	4	-0.12989464402198791504
27	5	-0.056756727397441864014
27	6	0.056756727397441864014
27	7	-0.17432925105094909668
27	8	0.17432925105094909668
27	9	0.11757248640060424805
27	10	-0.11757248640060424805
27	11	-0.0050007551908493041992
27	12	0.0050007551908493041992
27	13	-0.2866560816764831543
27	14	0.2866560816764831543
27	15	0.28165534138679504395
27	16	-0.28165534138679504395
27	17	0.13131833076477050781
27	18	-0.13131833076477050781
27	19	-0.17684653401374816895
27	20	0.17684653401374816895
27	21	0.30816489458084106445
27	22	-0.30816489458084106445
27	23	0.18307423591613769531
27	24	-0.18307423591613769531
27	25	-0.28917336463928222656
27	26	0.28917336463928222656
27	27	0.48224753141403198242
27	28	-0.47224754095077514648
27	29	0.26763743162155151367
27	30	-0.26763743162155151367
27	31	-0.067036926746368408203
27	32	0.067036926746368408203
27	33	0.33467435836791992188
27	34	-0.33467435836791992188
27	38	1
28	0	-0.11843711882829666138
28	1	-0.13167995214462280273
28	2	-0.00089267082512378692627
28	3	-0.014135539531707763672
28	4	0.12989464402198791504
28	5	0.056756727397441864014
28	6	-0.056756727397441864014
28	7	0.17432925105094909668
28	8	-0.17432925105094909668
28	9	-0.11757248640060424805
28	10	0.11757248640060424805
28	11	0.0050007551908493041992
28	12	-0.0050007551908493041992
28	13	0.2866560816764831543
28	14	-0.2866560816764831543
28	15	-0.28165534138679504395
28	16	0.28165534138679504395
28	17	-0.13131833076477050781
28	18	0.13131833076477050781
28	19	0.17684653401374816895
28	20	-0.17684653401374816895
28	21	-0.30816489458084106445
28	22	0.30816489458084106445
28	23	-0.18307423591613769531
28	24	0.18307423591613769531
28	25	0.28917336463928222656
28	26	-0.28917336463928222656
28	27	-0.47224754095077514648
28	28	0.48224753141403198242
28	29	-0.26763743162155151367
28	30	0.26763743162155151367
28	31	0.067036926746368408203
28	32	-0.067036926746368408203
28	33	-0.33467435836791992188
28	34	0.33467435836791992188
28	38	1
29	0	0.0085695330053567886353
29	1	0.067083254456520080566
29	2	0.021566510200500488281
29	3	0.080080218613147735596
29	4	-0.023950267583131790161
29	5	0.06061762198805809021
29	6	-0.06061762198805809021
29	7	0.033418200910091400146
29	8	-0.033418200910091400146
29	9	0.02719941362738609314
29	10	-0.02719941362738609314
29	11	0.10380842536687850952
29	12	-0.10380842536687850952
29	13	-0.03322264552116394043
29	14	0.03322264552116394043
29	15	0.13703107833862304688
29	16	-0.13703107833862304688
29	17	0.19854043424129486084
29	18	-0.19854043424129486084
29	19	0.040734611451625823975
29	20	-0.040734611451625823975
29	21	0.15780583024024963379
29	22	-0.15780583024024963379
29	23	0.24173119664192199707
29	24	-0.24173119664192199707
29	25	-0.02590621262788772583
29	26	0.02590621262788772583
29	27	0.26763743162155151367
29	28	-0.26763743162155151367
29	29	0.30327242612838745117
29	30	-0.29327243566513061523
29	31	0.11469189822673797607
29	32	-0.11469189822673797607
29	33	0.17858052253723144531
29	34	-0.17858052253723144531
29	39	1
30	0	-0.0085695330053567886353
30	1	-0.067083254456520080566
30	2	-0.021566510200500488281
30	3	-0.080080218613147735596
30	4	0.023950267583131790161
30	5	-0.06061762198805809021
30	6	0.06061762198805809021
30	7	-0.033418200910091400146
30	8	0.033418200910091400146
30	9	-0.02719941362738609314
30	10	0.02719941362738609314
30	11	-0.10380842536687850952
30	12	0.10380842536687850952
30	13	0.03322264552116394043
30	14	-0.03322264552116394043
30	15	-0.13703107833862304688
30	16	0.13703107833862304688
30	17	-0.19854043424129486084
30	18	0.19854043424129486084
30	19	-0.040734611451625823975
30	20	0.040734611451625823975
30	21	-0.15780583024024963379
30	22	0.15780583024024963379
30	23	-0.24173119664192199707
30	24	0.24173119664192199707
30	25	0.02590621262788772583
30	26	-0.02590621262788772583
30	27	-0.26763743162155151367
30	28	0.26763743162155151367
30	29	-0.29327243566513061523
30	30	0.30327242612838745117
30	31	-0.11469189822673797607
30	32	0.11469189822673797607
30	33	-0.17858052253723144531
30	34	0.17858052253723144531
30	39	1
31	0	-0.078155383467674255371
31	1	-0.031309064477682113647
31	2	0.020176734775304794312
31	3	0.067023009061813354492
31	4	0.071662537753582000732
31	5	0.052443198859691619873
31	6	-0.052443198859691619873
31	7	0.16526673734188079834
31	8	-0.16526673734188079834
31	9	-0.11282353848218917847
31	10	0.11282353848218917847
31	11	0.066114000976085662842
31	12	-0.066114000976085662842
31	13	0.16034486889839172363
31	14	-0.16034486889839172363
31	15	-0.094230860471725463867
31	16	0.094230860471725463867
31	17	0.09040295332670211792
31	18	-0.09040295332670211792
31	19	0.17603257298469543457
31	20	-0.17603257298469543457
31	21	-0.085629612207412719727
31	22	0.085629612207412719727
31	23	0.10407374799251556396
31	24	-0.10407374799251556396
31	25	0.17111068964004516602
31	26	-0.17111068964004516602
31	27	-0.067036926746368408203
31	28	0.067036926746368408203
31	29	0.11469189822673797607
31	30	-0.11469189822673797607
31	31	0.20172026753425598145
31	32	-0.19172026216983795166
31	33	-0.077028363943099975586
31	34	0.077028363943099975586
31	39	1
32	0	0.078155383467674255371
32	1	0.031309064477682113647
32	2	-0.020176734775304794312
32	3	-0.067023009061813354492
32	4	-0.071662537753582000732
32	5	-0.052443198859691619873
32	6	0.052443198859691619873
32	7	-0.16526673734188079834
32	8	0.16526673734188079834
32	9	0.11282353848218917847
32	10	-0.11282353848218917847
32	11	-0.066114000976085662842
32	12	0.066114000976085662842
32	13	-0.16034486889839172363
32	14	0.16034486889839172363
32	15	0.094230860471725463867
32	16	-0.094230860471725463867
32	17	-0.09040295332670211792
32	18	0.09040295332670211792
32	19	-0.17603257298469543457
32	20	0.17603257298469543457
32	21	0.085629612207412719727
32	22	-0.085629612207412719727
32	23	-0.10407374799251556396
32	24	0.10407374799251556396
32	25	-0.17111068964004516602
32	26	0.17111068964004516602
32	27	0.067036926746368408203
32	28	-0.067036926746368408203
32	29	-0.11469189822673797607
32	30	0.11469189822673797607
32	31	-0.19172026216983795166
32	32	0.20172026753425598145
32	33	0.077028363943099975586
32	34	-0.077028363943099975586
32	39	1
33	0	0.086724907159805297852
33	1	0.098392322659492492676
33	2	0.0013897754251956939697
33	3	0.013057217001914978027
33	4	-0.095612794160842895508
33	5	0.0081744119524955749512
33	6	-0.0081744119524955749512
33	7	-0.13184854388236999512
33	8	0.13184854388236999512
33	9	0.14002294838428497314
33	10	-0.14002294838428497314
33	11	0.037694420665502548218
33	12	-0.037694420665502548218
33	13	-0.19356751441955566406
33	14	0.19356751441955566406
33	15	0.23126193881034851074
33	16	-0.23126193881034851074
33	17	0.108137473464012146
33	18	-0.108137473464012146
33	19	-0.13529795408248901367
33	20	0.13529795408248901367
33	21	0.24343542754650115967
33	22	-0.24343542754650115967
33	23	0.13765746355056762695
33	24	-0.13765746355056762695
33	25	-0.19701689481735229492
33	26	0.19701689481735229492
33	27	0.33467435836791992188
33	28	-0.33467435836791992188
33	29	0.17858052253723144531
33	30	-0.17858052253723144531
33	31	-0.077028363943099975586
33	32	0.077028363943099975586
33	33	0.26560890674591064453
33	34	-0.25560891628265380859
33	39	1
34	0	-0.086724907159805297852
34	1	-0.098392322659492492676
34	2	-0.0013897754251956939697
34	3	-0.013057217001914978027
34	4	0.095612794160842895508
34	5	-0.0081744119524955749512
34	6	0.0081744119524955749512
34	7	0.13184854388236999512
34	8	-0.13184854388236999512
34	9	-0.14002294838428497314
34	10	0.14002294838428497314
34	11	-0.037694420665502548218
34	12	0.037694420665502548218
34	13	0.19356751441955566406
34	14	-0.19356751441955566406
34	15	-0.23126193881034851074
34	16	0.23126193881034851074
34	17	-0.108137473464012146
34	18	0.108137473464012146
34	19	0.13529795408248901367
34	20	-0.13529795408248901367
34	21	-0.24343542754650115967
34	22	0.24343542754650115967
34	23	-0.13765746355056762695
34	24	0.13765746355056762695
34	25	0.19701689481735229492
34	26	-0.19701689481735229492
34	27	-0.33467435836791992188
34	28	0.33467435836791992188
34	29	-0.17858052253723144531
34	30	0.17858052253723144531
34	31	0.077028363943099975586
34	32	-0.077028363943099975586
34	33	-0.25560891628265380859
34	34	0.26560890674591064453
34	39	1
35	0	0.20000000298023223877
35	5	-1
35	6	-1
35	7	-1
35	8	-1
35	9	-1
35	10	-1
35	35	0.0099999997764825820923
36	1	0.20000000298023223877
36	11	-1
36	12	-1
36	13	-1
36	14	-1
36	15	-1
36	16	-1
36	36	0.0099999997764825820923
37	2	0.20000000298023223877
37	17	-1
37	18	-1
37	19	-1
37	20	-1
37	21	-1
37	22	-1
37	37	0.0099999997764825820923
38	3	0.20000000298023223877
38	23	-1
38	24	-1
38	25	-1
38	26	-1
38	27	-1
38	28	-1
38	38	0.0099999997764825820923
39	4	0.20000000298023223877
39	29	-1
39	30	-1
39	31	-1
39	32	-1
39	33	-1
39	34	-1
39	39	0.0099999997764825820923
q	0	-0.07030487060546875
q	1	-1.4581438302993774414
q	2	-1.039898991584777832
q	3	-2.4277372360229492188
q	4	-0.62165313959121704102
q	5	-0.85336744785308837891
q	6	0.85336744785308837891
q	7	-0.42668372392654418945
q	8	0.42668372392654418945
q	9	-0.42668372392654418945
q	10	0.42668372392654418945
q	11	-0.85336744785308837891
q	12	0.85336744785308837891
q	13	-0.42668372392654418945
q	14	0.42668372392654418945
q	15	-0.42668372392654418945
q	16	0.42668372392654418945
q	17	-0.85336744785308837891
q	18	0.85336744785308837891
q	19	-0.42668372392654418945
q	20	0.42668372392654418945
q	21	-0.42668372392654418945
q	22	0.42668372392654418945
q	23	-0.85336744785308837891
q	24	0.85336744785308837891
q	25	-0.42668372392654418945
q	26	0.42668372392654418945
q	27	-0.42668372392654418945
q	28	0.42668372392654418945
q	29	-0.85336744785308837891
