2022-06-27 06:13:47.570957+0200 HaradaExperiment[1834:222658] Metal GPU Frame Capture Enabled
2022-06-27 06:13:47.571350+0200 HaradaExperiment[1834:222658] Metal API Validation Enabled
loaded: duck-color from asset catalog
loaded: duck-color from asset catalog


iteration: 0


iteration: 1


iteration: 2


iteration: 3


iteration: 4


iteration: 5


iteration: 6


iteration: 7


iteration: 8


iteration: 9


iteration: 10


iteration: 11


iteration: 12


iteration: 13


iteration: 14


iteration: 15


iteration: 16


iteration: 17


iteration: 18


iteration: 19


iteration: 20


iteration: 21


iteration: 22


iteration: 23


iteration: 24


iteration: 25


iteration: 26


iteration: 27


iteration: 28


iteration: 29


iteration: 30


iteration: 31


iteration: 32


iteration: 33


iteration: 34


iteration: 35


iteration: 36


iteration: 37


iteration: 38


iteration: 39


iteration: 40


iteration: 41


iteration: 42


iteration: 43


iteration: 44


iteration: 45


iteration: 46


iteration: 47


iteration: 48


iteration: 49


iteration: 50


iteration: 51


iteration: 52


iteration: 53


iteration: 54


iteration: 55


iteration: 56


iteration: 57


iteration: 58


iteration: 59


iteration: 60


iteration: 61


iteration: 62


iteration: 63


iteration: 64


iteration: 65


iteration: 66


iteration: 67


iteration: 68


iteration: 69


iteration: 70


iteration: 71


iteration: 72


iteration: 73


iteration: 74


iteration: 75


iteration: 76


iteration: 77


iteration: 78


iteration: 79


iteration: 80


iteration: 81


iteration: 82


iteration: 83


iteration: 84


iteration: 85


iteration: 86


iteration: 87


iteration: 88


iteration: 89


iteration: 90


iteration: 91


iteration: 92


iteration: 93


iteration: 94


iteration: 95


iteration: 96


iteration: 97


iteration: 98


iteration: 99


iteration: 100


iteration: 101


iteration: 102


iteration: 103


iteration: 104


iteration: 105


iteration: 106


iteration: 107


iteration: 108


iteration: 109


iteration: 110


iteration: 111


iteration: 112


iteration: 113


iteration: 114


iteration: 115


iteration: 116


iteration: 117


iteration: 118


iteration: 119


iteration: 120


iteration: 121


iteration: 122


iteration: 123


iteration: 124


iteration: 125


iteration: 126


iteration: 127


iteration: 128


iteration: 129


iteration: 130


iteration: 131


iteration: 132


iteration: 133


iteration: 134


iteration: 135


iteration: 136


iteration: 137


iteration: 138


iteration: 139


iteration: 140


iteration: 141


iteration: 142


iteration: 143


iteration: 144


iteration: 145


iteration: 146


iteration: 147


iteration: 148


iteration: 149


iteration: 150


iteration: 151


iteration: 152


iteration: 153


iteration: 154


iteration: 155


iteration: 156


iteration: 157


iteration: 158


iteration: 159


iteration: 160


iteration: 161


iteration: 162


iteration: 163


iteration: 164


iteration: 165


iteration: 166


iteration: 167


iteration: 168


iteration: 169


iteration: 170


iteration: 171


iteration: 172


iteration: 173


iteration: 174


iteration: 175


iteration: 176


iteration: 177


iteration: 178


iteration: 179


iteration: 180


iteration: 181


iteration: 182


iteration: 183


iteration: 184


iteration: 185


iteration: 186


iteration: 187


iteration: 188


iteration: 189


iteration: 190


iteration: 191


iteration: 192


iteration: 193


iteration: 194


iteration: 195


iteration: 196


iteration: 197


iteration: 198


iteration: 199


iteration: 200


iteration: 201


iteration: 202


iteration: 203


iteration: 204


iteration: 205


iteration: 206


iteration: 207


iteration: 208


iteration: 209


iteration: 210


iteration: 211


iteration: 212


iteration: 213


iteration: 214


iteration: 215


iteration: 216


iteration: 217


iteration: 218


iteration: 219


iteration: 220


iteration: 221


iteration: 222


iteration: 223


iteration: 224


iteration: 225


iteration: 226


iteration: 227


iteration: 228


iteration: 229


iteration: 230


iteration: 231


iteration: 232


iteration: 233


iteration: 234


iteration: 235


iteration: 236


iteration: 237


iteration: 238


iteration: 239


iteration: 240


iteration: 241


iteration: 242


iteration: 243


iteration: 244


iteration: 245


iteration: 246


iteration: 247


iteration: 248


iteration: 249


iteration: 250


iteration: 251


iteration: 252


iteration: 253


iteration: 254


iteration: 255


iteration: 256


iteration: 257


iteration: 258


iteration: 259


iteration: 260


iteration: 261


iteration: 262


iteration: 263


iteration: 264


iteration: 265


iteration: 266


iteration: 267


iteration: 268


iteration: 269


iteration: 270


iteration: 271


iteration: 272


iteration: 273


iteration: 274


iteration: 275


iteration: 276


iteration: 277


iteration: 278


iteration: 279


iteration: 280


iteration: 281


iteration: 282


iteration: 283


iteration: 284


iteration: 285


iteration: 286


iteration: 287


iteration: 288


iteration: 289


iteration: 290


iteration: 291


iteration: 292


iteration: 293


iteration: 294


iteration: 295


iteration: 296


iteration: 297


iteration: 298


iteration: 299


iteration: 300


iteration: 301


iteration: 302


iteration: 303


iteration: 304


iteration: 305


iteration: 306


iteration: 307


iteration: 308


iteration: 309


iteration: 310


iteration: 311


iteration: 312


iteration: 313


iteration: 314


iteration: 315


iteration: 316


iteration: 317


iteration: 318


iteration: 319


iteration: 320


iteration: 321


iteration: 322


iteration: 323


iteration: 324


iteration: 325


iteration: 326


iteration: 327


iteration: 328


iteration: 329


iteration: 330


iteration: 331


iteration: 332


iteration: 333


iteration: 334


iteration: 335


iteration: 336


iteration: 337


iteration: 338


iteration: 339


iteration: 340


iteration: 341


iteration: 342


iteration: 343


iteration: 344


iteration: 345


iteration: 346


iteration: 347


iteration: 348


iteration: 349


iteration: 350


iteration: 351


iteration: 352


iteration: 353


iteration: 354


iteration: 355


iteration: 356


iteration: 357


iteration: 358


iteration: 359


iteration: 360


iteration: 361


iteration: 362


iteration: 363


iteration: 364


iteration: 365


iteration: 366


iteration: 367


iteration: 368


iteration: 369


iteration: 370


iteration: 371


iteration: 372


iteration: 373


iteration: 374


iteration: 375


iteration: 376


iteration: 377


iteration: 378


iteration: 379


iteration: 380


iteration: 381


iteration: 382


iteration: 383


iteration: 384


iteration: 385


iteration: 386


iteration: 387


iteration: 388


iteration: 389


iteration: 390


iteration: 391


iteration: 392


iteration: 393


iteration: 394


iteration: 395


iteration: 396


iteration: 397


iteration: 398


iteration: 399


iteration: 400


iteration: 401


iteration: 402


iteration: 403


iteration: 404


iteration: 405


iteration: 406


iteration: 407


iteration: 408


iteration: 409


iteration: 410


iteration: 411


iteration: 412


iteration: 413


iteration: 414


iteration: 415


iteration: 416


iteration: 417


iteration: 418


iteration: 419


iteration: 420


iteration: 421


iteration: 422


iteration: 423


iteration: 424


iteration: 425


iteration: 426


iteration: 427


iteration: 428


iteration: 429


iteration: 430


iteration: 431


iteration: 432


iteration: 433


iteration: 434


iteration: 435


iteration: 436


iteration: 437


iteration: 438


iteration: 439


iteration: 440


iteration: 441


iteration: 442


iteration: 443


iteration: 444


iteration: 445


iteration: 446


iteration: 447


iteration: 448


iteration: 449


iteration: 450


iteration: 451


iteration: 452


iteration: 453


iteration: 454


iteration: 455


iteration: 456


iteration: 457


iteration: 458


iteration: 459


iteration: 460


iteration: 461


iteration: 462


iteration: 463


iteration: 464


iteration: 465


iteration: 466


iteration: 467


iteration: 468


iteration: 469


iteration: 470


iteration: 471


iteration: 472


iteration: 473


iteration: 474


iteration: 475


iteration: 476


iteration: 477


iteration: 478


iteration: 479


iteration: 480


iteration: 481


iteration: 482


iteration: 483


iteration: 484


iteration: 485


iteration: 486


iteration: 487


iteration: 488


iteration: 489


iteration: 490


iteration: 491


iteration: 492


iteration: 493


iteration: 494
generating sample matrix BEGIN
0	0	0.1496496051549911499
0	1	0.097269773483276367188
0	2	0.054889917373657226562
0	32	0.087739288806915283203
0	33	-0.087739288806915283203
0	34	0.045718263834714889526
0	35	-0.045718263834714889526
0	36	0.042021024972200393677
0	37	-0.042021024972200393677
0	38	0.092872709035873413086
0	39	-0.092872709035873413086
0	40	0.043280988931655883789
0	41	-0.043280988931655883789
0	42	0.049591716378927230835
0	43	-0.049591716378927230835
0	44	0.098006114363670349121
0	45	-0.098006114363670349121
0	46	0.040843706578016281128
0	47	-0.040843706578016281128
0	48	0.057162411510944366455
0	49	-0.057162411510944366455
1	0	0.097269773483276367188
1	1	0.13229763507843017578
1	2	0.1473254859447479248
1	32	-0.0038039155770093202591
1	33	0.0038039155770093202591
1	34	-0.04983374476432800293
1	35	0.04983374476432800293
1	36	0.046029832214117050171
1	37	-0.046029832214117050171
1	38	-0.0033454303629696369171
1	39	0.0033454303629696369171
1	40	-0.050216786563396453857
1	41	0.050216786563396453857
1	42	0.046871352940797805786
1	43	-0.046871352940797805786
1	44	-0.0028869446832686662674
1	45	0.0028869446832686662674
1	46	-0.050599820911884307861
1	47	0.050599820911884307861
1	48	0.047712881118059158325
1	49	-0.047712881118059158325
2	0	0.054889917373657226562
2	1	0.1473254859447479248
2	2	0.24976105988025665283
2	32	-0.095347180962562561035
2	33	0.095347180962562561035
2	34	-0.1453857719898223877
2	35	0.1453857719898223877
2	36	0.050038579851388931274
2	37	-0.050038579851388931274
2	38	-0.099563635885715484619
2	39	0.099563635885715484619
2	40	-0.14371457695960998535
2	41	0.14371457695960998535
2	42	0.044150926172733306885
2	43	-0.044150926172733306885
2	44	-0.10378008335828781128
2	45	0.10378008335828781128
2	46	-0.14204335212707519531
2	47	0.14204335212707519531
2	48	0.038263279944658279419
2	49	-0.038263279944658279419
3	3	0.30485743284225463867
3	4	0.17590229213237762451
3	5	0.056947141885757446289
3	50	0.024553926661610603333
3	51	-0.024553926661610603333
3	52	-0.16093944013118743896
3	53	0.16093944013118743896
3	54	0.18549335002899169922
3	55	-0.18549335002899169922
3	56	-0.0062330681830644607544
3	57	0.0062330681830644607544
3	58	-0.18170540034770965576
3	59	0.18170540034770965576
3	60	0.17547231912612915039
3	61	-0.17547231912612915039
3	62	-0.03702006116509437561
3	63	0.03702006116509437561
3	64	-0.20247134566307067871
3	65	0.20247134566307067871
3	66	0.16545130312442779541
3	67	-0.16545130312442779541
4	3	0.17590229213237762451
4	4	0.14420333504676818848
4	5	0.092504367232322692871
4	50	-0.013080017641186714172
4	51	0.013080017641186714172
4	52	-0.072166875004768371582
4	53	0.072166875004768371582
4	54	0.059086855500936508179
4	55	-0.059086855500936508179
4	56	-0.025848651304841041565
4	57	0.025848651304841041565
4	58	-0.080822564661502838135
4	59	0.080822564661502838135
4	60	0.054973922669887542725
4	61	-0.054973922669887542725
4	62	-0.038617283105850219727
4	63	0.038617283105850219727
4	64	-0.089478269219398498535
4	65	0.089478269219398498535
4	66	0.050860986113548278809
4	67	-0.050860986113548278809
5	3	0.056947141885757446289
5	4	0.092504367232322692871
5	5	0.13806158304214477539
5	50	-0.050713956356048583984
5	51	0.050713956356048583984
5	52	0.016605677083134651184
5	53	-0.016605677083134651184
5	54	-0.067319631576538085938
5	55	0.067319631576538085938
5	56	-0.045464240014553070068
5	57	0.045464240014553070068
5	58	0.020060235634446144104
5	59	-0.020060235634446144104
5	60	-0.065524481236934661865
5	61	0.065524481236934661865
5	62	-0.040214516222476959229
5	63	0.040214516222476959229
5	64	0.023514803498983383179
5	65	-0.023514803498983383179
5	66	-0.063729315996170043945
5	67	0.063729315996170043945
6	6	0.12398263812065124512
6	68	-0.052705559879541397095
6	69	0.052705559879541397095
6	70	-0.036151938140392303467
6	71	0.036151938140392303467
6	72	-0.016553621739149093628
6	73	0.016553621739149093628
7	7	0.23387725651264190674
7	74	-0.046436179429292678833
7	75	0.046436179429292678833
7	76	0.063547611236572265625
7	77	-0.063547611236572265625
7	78	-0.10998380184173583984
7	79	0.10998380184173583984
8	8	0.20184580981731414795
8	9	0.16205872595310211182
8	10	0.14777791500091552734
8	11	0.11799072474241256714
8	12	0.088203459978103637695
8	13	0.058416225016117095947
8	14	0.073922641575336456299
8	15	0.044135458767414093018
8	16	0.014348216354846954346
8	80	-0.060494452714920043945
8	81	0.060494452714920043945
8	82	0.020925447344779968262
8	83	-0.020925447344779968262
8	84	-0.081419900059700012207
8	85	0.081419900059700012207
8	86	-0.077154457569122314453
8	87	0.077154457569122314453
8	88	0.015015769749879837036
8	89	-0.015015769749879837036
8	90	-0.092170223593711853027
8	91	0.092170223593711853027
8	92	-0.046621046960353851318
8	93	0.046621046960353851318
8	94	0.011012472212314605713
8	95	-0.011012472212314605713
8	96	-0.057633522897958755493
8	97	0.057633522897958755493
8	98	-0.063281074166297912598
8	99	0.063281074166297912598
8	100	0.0051027722656726837158
8	101	-0.0051027722656726837158
8	102	-0.068383842706680297852
8	103	0.068383842706680297852
8	104	-0.079941123723983764648
8	105	0.079941123723983764648
8	106	-0.00080694258213043212891
8	107	0.00080694258213043212891
8	108	-0.07913418114185333252
8	109	0.07913418114185333252
8	110	-0.096601307392120361328
8	111	0.096601307392120361328
8	112	-0.0067166574299335479736
8	113	0.0067166574299335479736
8	114	-0.089884653687477111816
8	115	0.089884653687477111816
8	116	-0.049407724291086196899
8	117	0.049407724291086196899
8	118	-0.0048102438449859619141
8	119	0.0048102438449859619141
8	120	-0.044597484171390533447
8	121	0.044597484171390533447
8	122	-0.066067747771739959717
8	123	0.066067747771739959717
8	124	-0.010719945654273033142
8	125	0.010719945654273033142
8	126	-0.055347803980112075806
8	127	0.055347803980112075806
8	128	-0.08272793889045715332
8	129	0.08272793889045715332
8	130	-0.016629662364721298218
8	131	0.016629662364721298218
8	132	-0.066098280251026153564
8	133	0.066098280251026153564
9	8	0.16205872595310211182
9	9	0.20231823623180389404
9	10	0.057948105037212371826
9	11	0.088207475841045379639
9	12	0.11846687644720077515
9	13	0.14872631430625915527
9	14	-0.015903249382972717285
9	15	0.014356113970279693604
9	16	0.044615544378757476807
9	80	-0.070957355201244354248
9	81	0.070957355201244354248
9	82	-0.038345061242580413818
9	83	0.038345061242580413818
9	84	-0.032612297683954238892
9	85	0.032612297683954238892
9	86	-0.087610505521297454834
9	87	0.087610505521297454834
9	88	-0.044254191219806671143
9	89	0.044254191219806671143
9	90	-0.043356310576200485229
9	91	0.043356310576200485229
9	92	-0.057088628411293029785
9	93	0.057088628411293029785
9	94	-0.048246249556541442871
9	95	0.048246249556541442871
9	96	-0.0088423788547515869141
9	97	0.0088423788547515869141
9	98	-0.073741801083087921143
9	99	0.073741801083087921143
9	100	-0.0541554279625415802
9	101	0.0541554279625415802
9	102	-0.019586373120546340942
9	103	0.019586373120546340942
9	104	-0.090395003557205200195
9	105	0.090395003557205200195
9	106	-0.060064621269702911377
9	107	0.060064621269702911377
9	108	-0.030330384150147438049
9	109	0.030330384150147438049
9	110	-0.10704835504293441772
9	111	0.10704835504293441772
9	112	-0.065973907709121704102
9	113	0.065973907709121704102
9	114	-0.041074447333812713623
9	115	0.041074447333812713623
9	116	-0.059873145073652267456
9	117	0.059873145073652267456
9	118	-0.064056687057018280029
9	119	0.064056687057018280029
9	120	0.0041835419833660125732
9	121	-0.0041835419833660125732
9	122	-0.076526314020156860352
9	123	0.076526314020156860352
9	124	-0.069965861737728118896
9	125	0.069965861737728118896
9	126	-0.0065604522824287414551
9	127	0.0065604522824287414551
9	128	-0.093179665505886077881
9	129	0.093179665505886077881
9	130	-0.075875148177146911621
9	131	0.075875148177146911621
9	132	-0.017304515466094017029
9	133	0.017304515466094017029
10	8	0.14777791500091552734
10	9	0.057948105037212371826
10	10	0.24760888516902923584
10	11	0.14777909219264984131
10	12	0.0579491443932056427
10	13	-0.031880810856819152832
10	14	0.23760990798473358154
10	15	0.1477801203727722168
10	16	0.05795017629861831665
10	80	0.015658661723136901855
10	81	-0.015658661723136901855
10	82	0.088669605553150177002
10	83	-0.088669605553150177002
10	84	-0.073010943830013275146
10	85	0.073010943830013275146
10	86	0.015649955719709396362
10	87	-0.015649955719709396362
10	88	0.08866932988166809082
10	89	-0.08866932988166809082
10	90	-0.073019392788410186768
10	91	0.073019392788410186768
10	92	0.015664370730519294739
10	93	-0.015664370730519294739
10	94	0.088652908802032470703
10	95	-0.088652908802032470703
10	96	-0.072988532483577728271
10	97	0.072988532483577728271
10	98	0.015655670315027236938
10	99	-0.015655670315027236938
10	100	0.088652677834033966064
10	101	-0.088652677834033966064
10	102	-0.072997003793716430664
10	103	0.072997003793716430664
10	104	0.015646968036890029907
10	105	-0.015646968036890029907
10	106	0.088652439415454864502
10	107	-0.088652439415454864502
10	108	-0.073005467653274536133
10	109	0.073005467653274536133
10	110	0.015638295561075210571
10	111	-0.015638295561075210571
10	112	0.08865235745906829834
10	113	-0.08865235745906829834
10	114	-0.073014050722122192383
10	115	0.073014050722122192383
10	116	0.015661388635635375977
10	117	-0.015661388635635375977
10	118	0.088635995984077453613
10	119	-0.088635995984077453613
10	120	-0.072974622249603271484
10	121	0.072974622249603271484
10	122	0.015652686357498168945
10	123	-0.015652686357498168945
10	124	0.088635757565498352051
10	125	-0.088635757565498352051
10	126	-0.072983086109161376953
10	127	0.072983086109161376953
10	128	0.015644013881683349609
10	129	-0.015644013881683349609
10	130	0.088635683059692382812
10	131	-0.088635683059692382812
10	132	-0.072991669178009033203
10	133	0.072991669178009033203
11	8	0.11799072474241256714
11	9	0.088207475841045379639
11	10	0.14777909219264984131
11	11	0.12799584865570068359
11	12	0.088212549686431884766
11	13	0.058429256081581115723
11	14	0.14778415858745574951
11	15	0.11800092458724975586
11	16	0.088217623531818389893
11	80	0.005195867735892534256
11	81	-0.005195867735892534256
11	82	0.029399126768112182617
11	83	-0.029399126768112182617
11	84	-0.024203257635235786438
11	85	0.024203257635235786438
11	86	0.0051940483972430229187
11	87	-0.0051940483972430229187
11	88	0.029399415478110313416
11	89	-0.029399415478110313416
11	90	-0.024205368012189865112
11	91	0.024205368012189865112
11	92	0.0051968726329505443573
11	93	-0.0051968726329505443573
11	94	0.029394222423434257507
11	95	-0.029394222423434257507
11	96	-0.024197353050112724304
11	97	0.024197353050112724304
11	98	0.0051950546912848949432
11	99	-0.0051950546912848949432
11	100	0.029394524171948432922
11	101	-0.029394524171948432922
11	102	-0.024199470877647399902
11	103	0.024199470877647399902
11	104	0.0051932362839579582214
11	105	-0.0051932362839579582214
11	106	0.029394825920462608337
11	107	-0.029394825920462608337
11	108	-0.02420158684253692627
11	109	0.02420158684253692627
11	110	0.0051914281211793422699
11	111	-0.0051914281211793422699
11	112	0.029395176097750663757
11	113	-0.029395176097750663757
11	114	-0.02420374751091003418
11	115	0.02420374751091003418
11	116	0.0051960614509880542755
11	117	-0.0051960614509880542755
11	118	0.02938963472843170166
11	119	-0.02938963472843170166
11	120	-0.024193573743104934692
11	121	0.024193573743104934692
11	122	0.0051942435093224048615
11	123	-0.0051942435093224048615
11	124	0.029389932751655578613
11	125	-0.029389932751655578613
11	126	-0.02419568970799446106
11	127	0.02419568970799446106
11	128	0.0051924353465437889099
11	129	-0.0051924353465437889099
11	130	0.029390284791588783264
11	131	-0.029390284791588783264
11	132	-0.024197848513722419739
11	133	0.024197848513722419739
12	8	0.088203459978103637695
12	9	0.11846687644720077515
12	10	0.0579491443932056427
12	11	0.088212549686431884766
12	12	0.12847600877285003662
12	13	0.14873947203159332275
12	14	0.057958282530307769775
12	15	0.088221684098243713379
12	16	0.11848514527082443237
12	80	-0.0052669243887066841125
12	81	0.0052669243887066841125
12	82	-0.029871456325054168701
12	83	0.029871456325054168701
12	84	0.024604531005024909973
12	85	-0.024604531005024909973
12	86	-0.0052618524059653282166
12	87	0.0052618524059653282166
12	88	-0.029870605096220970154
12	89	0.029870605096220970154
12	90	0.024608755484223365784
12	91	-0.024608755484223365784
12	92	-0.0052706301212310791016
12	93	0.0052706301212310791016
12	94	-0.029864555224776268005
12	95	0.029864555224776268005
12	96	0.024593928828835487366
12	97	-0.024593928828835487366
12	98	-0.0052655595354735851288
12	99	0.0052655595354735851288
12	100	-0.029863718897104263306
12	101	0.029863718897104263306
12	102	0.024598158895969390869
12	103	-0.024598158895969390869
12	104	-0.005260488949716091156
12	105	0.005260488949716091156
12	106	-0.029862878844141960144
12	107	0.029862878844141960144
12	108	0.024602388963103294373
12	109	-0.024602388963103294373
12	110	-0.0052554272115230560303
12	111	0.0052554272115230560303
12	112	-0.02986209280788898468
12	113	0.02986209280788898468
12	114	0.024606661871075630188
12	115	-0.024606661871075630188
12	116	-0.0052692671306431293488
12	117	0.0052692671306431293488
12	118	-0.029856832697987556458
12	119	0.029856832697987556458
12	120	0.024587564170360565186
12	121	-0.024587564170360565186
12	122	-0.0052641960792243480682
12	123	0.0052641960792243480682
12	124	-0.029855992645025253296
12	125	0.029855992645025253296
12	126	0.02459179610013961792
12	127	-0.02459179610013961792
12	128	-0.0052591348066926002502
12	129	0.0052591348066926002502
12	130	-0.029855204746127128601
12	131	0.029855204746127128601
12	132	0.024596070870757102966
12	133	-0.024596070870757102966
13	8	0.058416225016117095947
13	9	0.14872631430625915527
13	10	-0.031880810856819152832
13	11	0.058429256081581115723
13	12	0.14873947203159332275
13	13	0.24904969334602355957
13	14	-0.031867623329162597656
13	15	0.058442417532205581665
13	16	0.14875262975692749023
13	80	-0.015729743987321853638
13	81	0.015729743987321853638
13	82	-0.089142046868801116943
13	83	0.089142046868801116943
13	84	0.073412299156188964844
13	85	-0.073412299156188964844
13	86	-0.015717785805463790894
13	87	0.015717785805463790894
13	88	-0.089140631258487701416
13	89	0.089140631258487701416
13	90	0.073422849178314208984
13	91	-0.073422849178314208984
13	92	-0.015738153830170631409
13	93	0.015738153830170631409
13	94	-0.089123353362083435059
13	95	0.089123353362083435059
13	96	0.073385193943977355957
13	97	-0.073385193943977355957
13	98	-0.015726201236248016357
13	99	0.015726201236248016357
13	100	-0.08912197500467300415
13	101	0.08912197500467300415
13	102	0.073395766317844390869
13	103	-0.073395766317844390869
13	104	-0.015714248642325401306
13	105	0.015714248642325401306
13	106	-0.089120604097843170166
13	107	0.089120604097843170166
13	108	0.073406346142292022705
13	109	-0.073406346142292022705
13	110	-0.015702323988080024719
13	111	0.015702323988080024719
13	112	-0.089119382202625274658
13	113	0.089119382202625274658
13	114	0.073417045176029205322
13	115	-0.073417045176029205322
13	116	-0.015734618529677391052
13	117	0.015734618529677391052
13	118	-0.089103311300277709961
13	119	0.089103311300277709961
13	120	0.073368690907955169678
13	121	-0.073368690907955169678
13	122	-0.015722665935754776001
13	123	0.015722665935754776001
13	124	-0.089101932942867279053
13	125	0.089101932942867279053
13	126	0.073379270732402801514
13	127	-0.073379270732402801514
13	128	-0.015710739418864250183
13	129	0.015710739418864250183
13	130	-0.089100711047649383545
13	131	0.089100711047649383545
13	132	0.073389969766139984131
13	133	-0.073389969766139984131
14	8	0.073922641575336456299
14	9	-0.015903249382972717285
14	10	0.23760990798473358154
14	11	0.14778415858745574951
14	12	0.057958282530307769775
14	13	-0.031867623329162597656
14	14	0.32147145271301269531
14	15	0.22164571285247802734
14	16	0.13181978464126586914
14	80	0.081349104642868041992
14	81	-0.081349104642868041992
14	82	0.097143217921257019043
14	83	-0.097143217921257019043
14	84	-0.015794117003679275513
14	85	0.015794117003679275513
14	86	0.097998611629009246826
14	87	-0.097998611629009246826
14	88	0.10305292904376983643
14	89	-0.10305292904376983643
14	90	-0.0050543211400508880615
14	91	0.0050543211400508880615
14	92	0.067482382059097290039
14	93	-0.067482382059097290039
14	94	0.10703460127115249634
14	95	-0.10703460127115249634
14	96	-0.039552222937345504761
14	97	0.039552222937345504761
14	98	0.084131918847560882568
14	99	-0.084131918847560882568
14	100	0.11294437944889068604
14	101	-0.11294437944889068604
14	102	-0.028812464326620101929
14	103	0.028812464326620101929
14	104	0.10078148543834686279
14	105	-0.10078148543834686279
14	106	0.1188541799783706665
14	107	-0.1188541799783706665
14	108	-0.018072687089443206787
14	109	0.018072687089443206787
14	110	0.11743122339248657227
14	111	-0.11743122339248657227
14	112	0.12476417422294616699
14	113	-0.12476417422294616699
14	114	-0.0073329471051692962646
14	115	0.0073329471051692962646
14	116	0.070265270769596099854
14	117	-0.070265270769596099854
14	118	0.12283585965633392334
14	119	-0.12283585965633392334
14	120	-0.052570592612028121948
14	121	0.052570592612028121948
14	122	0.086914807558059692383
14	123	-0.086914807558059692383
14	124	0.12874564528465270996
14	125	-0.12874564528465270996
14	126	-0.041830830276012420654
14	127	0.041830830276012420654
14	128	0.10356454551219940186
14	129	-0.10356454551219940186
14	130	0.1346556246280670166
14	131	-0.1346556246280670166
14	132	-0.031091079115867614746
14	133	0.031091079115867614746
15	8	0.044135458767414093018
15	9	0.014356113970279693604
15	10	0.1477801203727722168
15	11	0.11800092458724975586
15	12	0.088221684098243713379
15	13	0.058442417532205581665
15	14	0.22164571285247802734
15	15	0.2018664926290512085
15	16	0.16208723187446594238
15	80	0.070886306464672088623
15	81	-0.070886306464672088623
15	82	0.037872731685638427734
15	83	-0.037872731685638427734
15	84	0.033013574779033660889
15	85	-0.033013574779033660889
15	86	0.087542705237865447998
15	87	-0.087542705237865447998
15	88	0.043783001601696014404
15	89	-0.043783001601696014404
15	90	0.043759699910879135132
15	91	-0.043759699910879135132
15	92	0.057014871388673782349
15	93	-0.057014871388673782349
15	94	0.047775916755199432373
15	95	-0.047775916755199432373
15	96	0.0092389546334743499756
15	97	-0.0092389546334743499756
15	98	0.073671296238899230957
15	99	-0.073671296238899230957
15	100	0.053686235100030899048
15	101	-0.053686235100030899048
15	102	0.019985064864158630371
15	103	-0.019985064864158630371
15	104	0.090327754616737365723
15	105	-0.090327754616737365723
15	106	0.05959656834602355957
15	107	-0.05959656834602355957
15	108	0.030731191858649253845
15	109	-0.030731191858649253845
15	110	0.10698435455560684204
15	111	-0.10698435455560684204
15	112	0.065506994724273681641
15	113	-0.065506994724273681641
15	114	0.041477363556623458862
15	115	-0.041477363556623458862
15	116	0.059799939393997192383
15	117	-0.059799939393997192383
15	118	0.063589490950107574463
15	119	-0.063589490950107574463
15	120	-0.0037895478308200836182
15	121	0.0037895478308200836182
15	122	0.076456367969512939453
15	123	-0.076456367969512939453
15	124	0.069499805569648742676
15	125	-0.069499805569648742676
15	126	0.0069565623998641967773
15	127	-0.0069565623998641967773
15	128	0.093112975358963012695
15	129	-0.093112975358963012695
15	130	0.075410231947898864746
15	131	-0.075410231947898864746
15	132	0.017702739685773849487
15	133	-0.017702739685773849487
16	8	0.014348216354846954346
16	9	0.044615544378757476807
16	10	0.05795017629861831665
16	11	0.088217623531818389893
16	12	0.11848514527082443237
16	13	0.14875262975692749023
16	14	0.13181978464126586914
16	15	0.16208723187446594238
16	16	0.20235472917556762695
16	80	0.060423485934734344482
16	81	-0.060423485934734344482
16	82	-0.021397858858108520508
16	83	0.021397858858108520508
16	84	0.081821352243423461914
16	85	-0.081821352243423461914
16	86	0.077086769044399261475
16	87	-0.077086769044399261475
16	88	-0.015487033873796463013
16	89	0.015487033873796463013
16	90	0.092573806643486022949
16	91	-0.092573806643486022949
16	92	0.046547349542379379272
16	93	-0.046547349542379379272
16	94	-0.011482875794172286987
16	95	0.011482875794172286987
16	96	0.05803022533655166626
16	97	-0.05803022533655166626
16	98	0.063210658729076385498
16	99	-0.063210658729076385498
16	100	-0.0055720210075378417969
16	101	0.0055720210075378417969
16	102	0.068782687187194824219
16	103	-0.068782687187194824219
16	104	0.079873993992805480957
16	105	-0.079873993992805480957
16	106	0.00033884122967720031738
16	107	-0.00033884122967720031738
16	108	0.079535156488418579102
16	109	-0.079535156488418579102
16	110	0.096537463366985321045
16	111	-0.096537463366985321045
16	112	0.0062497034668922424316
16	113	-0.0062497034668922424316
16	114	0.090287759900093078613
16	115	-0.090287759900093078613
16	116	0.049334585666656494141
16	117	-0.049334585666656494141
16	118	0.0043430030345916748047
16	119	-0.0043430030345916748047
16	120	0.044991582632064819336
16	121	-0.044991582632064819336
16	122	0.065997898578643798828
16	123	-0.065997898578643798828
16	124	0.010253859683871269226
16	125	-0.010253859683871269226
16	126	0.055744037032127380371
16	127	-0.055744037032127380371
16	128	0.082661360502243041992
16	129	-0.082661360502243041992
16	130	0.016164716333150863647
16	131	-0.016164716333150863647
16	132	0.066496640443801879883
16	133	-0.066496640443801879883
17	17	0.20172511041164398193
17	18	0.14771351218223571777
17	19	0.11793032288551330566
17	20	0.088147126138210296631
17	21	0.073918722569942474365
17	22	0.044135533273220062256
17	23	0.014352411031723022461
17	134	0.048119537532329559326
17	135	-0.048119537532329559326
17	136	0.084341719746589660645
17	137	-0.084341719746589660645
17	138	-0.036222189664840698242
17	139	0.036222189664840698242
17	140	0.031260352581739425659
17	141	-0.031260352581739425659
17	142	0.061216071248054504395
17	143	-0.061216071248054504395
17	144	-0.029955720528960227966
17	145	0.029955720528960227966
17	146	0.031199080869555473328
17	147	-0.031199080869555473328
17	148	0.075766712427139282227
17	149	-0.075766712427139282227
17	150	-0.044567629694938659668
17	151	0.044567629694938659668
17	152	0.031137811020016670227
17	153	-0.031137811020016670227
17	154	0.090317346155643463135
17	155	-0.090317346155643463135
17	156	-0.059179540723562240601
17	157	0.059179540723562240601
17	158	0.014339901506900787354
17	159	-0.014339901506900787354
17	160	0.052641063928604125977
17	161	-0.052641063928604125977
17	162	-0.038301162421703338623
17	163	0.038301162421703338623
17	164	0.014278633520007133484
17	165	-0.014278633520007133484
17	166	0.067191697657108306885
17	167	-0.067191697657108306885
17	168	-0.05291306227445602417
17	169	0.05291306227445602417
17	170	0.014217380434274673462
17	171	-0.014217380434274673462
17	172	0.081742346286773681641
17	173	-0.081742346286773681641
17	174	-0.067524969577789306641
17	175	0.067524969577789306641
18	17	0.14771351218223571777
18	18	0.24754025042057037354
18	19	0.14773330092430114746
18	20	0.057926349341869354248
18	21	0.23756004869937896729
18	22	0.14775311946868896484
18	23	0.057946149259805679321
18	134	0.094808429479598999023
18	135	-0.094808429479598999023
18	136	0.047565963119268417358
18	137	-0.047565963119268417358
18	138	0.047242466360330581665
18	139	-0.047242466360330581665
18	140	0.094695843756198883057
18	141	-0.094695843756198883057
18	142	0.047456990927457809448
18	143	-0.047456990927457809448
18	144	0.047238849103450775146
18	145	-0.047238849103450775146
18	146	0.094638176262378692627
18	147	-0.094638176262378692627
18	148	0.047480490058660507202
18	149	-0.047480490058660507202
18	150	0.047157689929008483887
18	151	-0.047157689929008483887
18	152	0.094580516219139099121
18	153	-0.094580516219139099121
18	154	0.047503985464572906494
18	155	-0.047503985464572906494
18	156	0.047076530754566192627
18	157	-0.047076530754566192627
18	158	0.094525605440139770508
18	159	-0.094525605440139770508
18	160	0.047371525317430496216
18	161	-0.047371525317430496216
18	162	0.047154080122709274292
18	163	-0.047154080122709274292
18	164	0.094467952847480773926
18	165	-0.094467952847480773926
18	166	0.04739502444863319397
18	167	-0.04739502444863319397
18	168	0.047072924673557281494
18	169	-0.047072924673557281494
18	170	0.094410285353660583496
18	171	-0.094410285353660583496
18	172	0.047418523579835891724
18	173	-0.047418523579835891724
18	174	0.046991765499114990234
18	175	-0.046991765499114990234
19	17	0.11793032288551330566
19	18	0.14773330092430114746
19	19	0.12797306478023529053
19	20	0.088212788105010986328
19	21	0.14777603745460510254
19	22	0.1180157884955406189
19	23	0.088255524635314941406
19	134	0.031409475952386856079
19	135	-0.031409475952386856079
19	136	0.015728820115327835083
19	137	-0.015728820115327835083
19	138	0.015680657699704170227
19	139	-0.015680657699704170227
19	140	0.031380414962768554688
19	141	-0.031380414962768554688
19	142	0.015704026445746421814
19	143	-0.015704026445746421814
19	144	0.015676388517022132874
19	145	-0.015676388517022132874
19	146	0.03136132657527923584
19	147	-0.03136132657527923584
19	148	0.015704683959484100342
19	149	-0.015704683959484100342
19	150	0.015656640753149986267
19	151	-0.015656640753149986267
19	152	0.031342238187789916992
19	153	-0.031342238187789916992
19	154	0.01570534147322177887
19	155	-0.01570534147322177887
19	156	0.015636894851922988892
19	157	-0.015636894851922988892
19	158	0.03133226931095123291
19	159	-0.03133226931095123291
19	160	0.015679894015192985535
19	161	-0.015679894015192985535
19	162	0.015652375295758247375
19	163	-0.015652375295758247375
19	164	0.031313184648752212524
19	165	-0.031313184648752212524
19	166	0.015680553391575813293
19	167	-0.015680553391575813293
19	168	0.01563262939453125
19	169	-0.01563262939453125
19	170	0.031294096261262893677
19	171	-0.031294096261262893677
19	172	0.015681212767958641052
19	173	-0.015681212767958641052
19	174	0.015612883493304252625
19	175	-0.015612883493304252625
20	17	0.088147126138210296631
20	18	0.057926349341869354248
20	19	0.088212788105010986328
20	20	0.12849925458431243896
20	21	0.057992015033960342407
20	22	0.088278457522392272949
20	23	0.11856491118669509888
20	134	-0.031989492475986480713
20	135	0.031989492475986480713
20	136	-0.016108334064483642578
20	137	0.016108334064483642578
20	138	-0.015881160274147987366
20	139	0.015881160274147987366
20	140	-0.031935036182403564453
20	141	0.031935036182403564453
20	142	-0.016048951074481010437
20	143	0.016048951074481010437
20	144	-0.015886085107922554016
20	145	0.015886085107922554016
20	146	-0.031915549188852310181
20	147	0.031915549188852310181
20	148	-0.016071131452918052673
20	149	0.016071131452918052673
20	150	-0.015844417735934257507
20	151	0.015844417735934257507
20	152	-0.031896058470010757446
20	153	0.031896058470010757446
20	154	-0.016093309968709945679
20	155	0.016093309968709945679
20	156	-0.015802748501300811768
20	157	0.015802748501300811768
20	158	-0.031861092895269393921
20	159	0.031861092895269393921
20	160	-0.016011750325560569763
20	161	0.016011750325560569763
20	162	-0.015849344432353973389
20	163	0.015849344432353973389
20	164	-0.03184160962700843811
20	165	0.03184160962700843811
20	166	-0.016033930703997612
20	167	0.016033930703997612
20	168	-0.01580767706036567688
20	169	0.01580767706036567688
20	170	-0.031822122633457183838
20	171	0.031822122633457183838
20	172	-0.016056111082434654236
20	173	0.016056111082434654236
20	174	-0.015766009688377380371
20	175	0.015766009688377380371
21	17	0.073918722569942474365
21	18	0.23756004869937896729
21	19	0.14777603745460510254
21	20	0.057992015033960342407
21	21	0.32141733169555664062
21	22	0.22163334488868713379
21	23	0.1318492591381072998
21	134	0.078098371624946594238
21	135	-0.078098371624946594238
21	136	-0.021046929061412811279
21	137	0.021046929061412811279
21	138	0.099145308136940002441
21	139	-0.099145308136940002441
21	140	0.094815902411937713623
21	141	-0.094815902411937713623
21	142	0.0019449517130851745605
21	143	-0.0019449517130851745605
21	144	0.092870950698852539062
21	145	-0.092870950698852539062
21	146	0.094800420105457305908
21	147	-0.094800420105457305908
21	148	-0.012581523507833480835
21	149	0.012581523507833480835
21	150	0.10738194733858108521
21	151	-0.10738194733858108521
21	152	0.094784945249557495117
21	153	-0.094784945249557495117
21	154	-0.027108006179332733154
21	155	0.027108006179332733154
21	156	0.12189295142889022827
21	157	-0.12189295142889022827
21	158	0.11151796579360961914
21	159	-0.11151796579360961914
21	160	0.010410360991954803467
21	161	-0.010410360991954803467
21	162	0.10110760480165481567
21	163	-0.10110760480165481567
21	164	0.11150249093770980835
21	165	-0.11150249093770980835
21	166	-0.0041161105036735534668
21	167	0.0041161105036735534668
21	168	0.11561860144138336182
21	169	-0.11561860144138336182
21	170	0.11148699373006820679
21	171	-0.11148699373006820679
21	172	-0.01864260062575340271
21	173	0.01864260062575340271
21	174	0.13012959063053131104
21	175	-0.13012959063053131104
22	17	0.044135533273220062256
22	18	0.14775311946868896484
22	19	0.1180157884955406189
22	20	0.088278457522392272949
22	21	0.22163334488868713379
22	22	0.20189605653285980225
22	23	0.16215863823890686035
22	134	0.014699423685669898987
22	135	-0.014699423685669898987
22	136	-0.052884079515933990479
22	137	0.052884079515933990479
22	138	0.067583501338958740234
22	139	-0.067583501338958740234
22	140	0.031500477343797683716
22	141	-0.031500477343797683716
22	142	-0.029808018356561660767
22	143	0.029808018356561660767
22	144	0.061308495700359344482
22	145	-0.061308495700359344482
22	146	0.031523570418357849121
22	147	-0.031523570418357849121
22	148	-0.044357337057590484619
22	149	0.044357337057590484619
22	150	0.075880900025367736816
22	151	-0.075880900025367736816
22	152	0.031546663492918014526
22	153	-0.031546663492918014526
22	154	-0.058906648308038711548
22	155	0.058906648308038711548
22	156	0.090453311800956726074
22	157	-0.090453311800956726074
22	158	0.048324629664421081543
22	159	-0.048324629664421081543
22	160	-0.021281272172927856445
22	161	0.021281272172927856445
22	162	0.069605901837348937988
22	163	-0.069605901837348937988
22	164	0.04834772646427154541
22	165	-0.04834772646427154541
22	166	-0.035830587148666381836
22	167	0.035830587148666381836
22	168	0.084178306162357330322
22	169	-0.084178306162357330322
22	170	0.048370804637670516968
22	171	-0.048370804637670516968
22	172	-0.050379917025566101074
22	173	0.050379917025566101074
22	174	0.09875071793794631958
22	175	-0.09875071793794631958
23	17	0.014352411031723022461
23	18	0.057946149259805679321
23	19	0.088255524635314941406
23	20	0.11856491118669509888
23	21	0.1318492591381072998
23	22	0.16215863823890686035
23	23	0.20246796309947967529
23	134	-0.048699527978897094727
23	135	0.048699527978897094727
23	136	-0.084721155464649200439
23	137	0.084721155464649200439
23	138	0.036021627485752105713
23	139	-0.036021627485752105713
23	140	-0.031814970076084136963
23	141	0.031814970076084136963
23	142	-0.061560947448015213013
23	143	0.061560947448015213013
23	144	0.02974597737193107605
23	145	-0.02974597737193107605
23	146	-0.031753301620483398438
23	147	0.031753301620483398438
23	148	-0.076133087277412414551
23	149	0.076133087277412414551
23	150	0.044379781931638717651
23	151	-0.044379781931638717651
23	152	-0.031691633164882659912
23	153	0.031691633164882659912
