2022-06-27 06:19:53.760356+0200 HaradaExperiment[2039:229442] Metal GPU Frame Capture Enabled
2022-06-27 06:19:53.760647+0200 HaradaExperiment[2039:229442] Metal API Validation Enabled
loaded: duck-color from asset catalog
loaded: duck-color from asset catalog


iteration: 0


iteration: 1


iteration: 2


iteration: 3


iteration: 4


iteration: 5


iteration: 6


iteration: 7


iteration: 8


iteration: 9


iteration: 10


iteration: 11


iteration: 12


iteration: 13


iteration: 14


iteration: 15


iteration: 16


iteration: 17


iteration: 18


iteration: 19


iteration: 20


iteration: 21


iteration: 22


iteration: 23


iteration: 24


iteration: 25


iteration: 26


iteration: 27


iteration: 28


iteration: 29


iteration: 30


iteration: 31


iteration: 32


iteration: 33


iteration: 34


iteration: 35


iteration: 36


iteration: 37


iteration: 38


iteration: 39


iteration: 40


iteration: 41


iteration: 42


iteration: 43


iteration: 44


iteration: 45


iteration: 46


iteration: 47


iteration: 48


iteration: 49


iteration: 50


iteration: 51


iteration: 52


iteration: 53


iteration: 54


iteration: 55


iteration: 56


iteration: 57


iteration: 58


iteration: 59


iteration: 60


iteration: 61


iteration: 62


iteration: 63


iteration: 64


iteration: 65


iteration: 66


iteration: 67


iteration: 68


iteration: 69


iteration: 70


iteration: 71


iteration: 72


iteration: 73


iteration: 74


iteration: 75


iteration: 76


iteration: 77


iteration: 78


iteration: 79


iteration: 80


iteration: 81


iteration: 82


iteration: 83


iteration: 84


iteration: 85


iteration: 86


iteration: 87


iteration: 88


iteration: 89


iteration: 90


iteration: 91


iteration: 92


iteration: 93


iteration: 94


iteration: 95


iteration: 96


iteration: 97


iteration: 98


iteration: 99


iteration: 100


iteration: 101


iteration: 102


iteration: 103


iteration: 104


iteration: 105


iteration: 106


iteration: 107


iteration: 108


iteration: 109


iteration: 110


iteration: 111


iteration: 112


iteration: 113


iteration: 114


iteration: 115


iteration: 116


iteration: 117


iteration: 118


iteration: 119


iteration: 120


iteration: 121


iteration: 122


iteration: 123


iteration: 124


iteration: 125


iteration: 126


iteration: 127


iteration: 128


iteration: 129


iteration: 130


iteration: 131


iteration: 132


iteration: 133


iteration: 134


iteration: 135


iteration: 136


iteration: 137


iteration: 138


iteration: 139


iteration: 140


iteration: 141


iteration: 142


iteration: 143


iteration: 144


iteration: 145


iteration: 146


iteration: 147


iteration: 148


iteration: 149


iteration: 150


iteration: 151


iteration: 152


iteration: 153
generating sample matrix BEGIN
0	0	0.12718313932418823242
0	1	0.088635958731174468994
0	11	-0.11804966628551483154
0	12	-0.057590894401073455811
0	13	-0.028902454301714897156
0	16	-0.049466792494058609009
0	17	0.049466792494058609009
0	18	0.029267298057675361633
0	19	-0.029267298057675361633
0	20	-0.078734092414379119873
0	21	0.078734092414379119873
0	22	-0.039113640785217285156
0	23	0.039113640785217285156
0	24	0.03237531706690788269
0	25	-0.03237531706690788269
0	26	-0.071488954126834869385
0	27	0.071488954126834869385
0	82	0.099686756730079650879
0	83	-0.099686756730079650879
0	84	0.09321288764476776123
0	85	-0.09321288764476776123
0	86	0.006473889574408531189
0	87	-0.006473889574408531189
0	88	-0.12524662911891937256
0	89	0.12524662911891937256
0	90	-0.10473407059907913208
0	91	0.10473407059907913208
0	92	-0.020512577146291732788
0	93	0.020512577146291732788
0	94	0.035495642572641372681
0	95	-0.035495642572641372681
0	96	-0.12327841669321060181
0	97	0.12327841669321060181
0	98	0.1587740778923034668
0	99	-0.1587740778923034668
1	0	0.088635958731174468994
1	1	0.14582525193691253662
1	11	-0.052901607006788253784
1	12	-0.038173738867044448853
1	13	0.016091102734208106995
1	16	-0.012428833171725273132
1	17	0.012428833171725273132
1	18	-0.097624190151691436768
1	19	0.097624190151691436768
1	20	0.085195340216159820557
1	21	-0.085195340216159820557
1	22	-0.020377155393362045288
1	23	0.020377155393362045288
1	24	-0.09806804358959197998
1	25	0.09806804358959197998
1	26	0.07769088447093963623
1	27	-0.07769088447093963623
1	82	-0.046892907470464706421
1	83	0.046892907470464706421
1	84	-0.028893701732158660889
1	85	0.028893701732158660889
1	86	-0.01799922063946723938
1	87	0.01799922063946723938
1	88	-0.073217369616031646729
1	89	0.073217369616031646729
1	90	0.022377956658601760864
1	91	-0.022377956658601760864
1	92	-0.095595344901084899902
1	93	0.095595344901084899902
1	94	-0.056259762495756149292
1	95	0.056259762495756149292
1	96	-0.061847500503063201904
1	97	0.061847500503063201904
1	98	0.005587749183177947998
1	99	-0.005587749183177947998
2	2	0.20546837151050567627
2	3	0.16616514325141906738
2	4	0.14920854568481445312
2	5	0.11990533769130706787
2	6	0.090602166950702667236
2	7	0.061298940330743789673
2	8	0.073645547032356262207
2	9	0.044342380017042160034
2	10	0.015039145946502685547
2	28	-0.073829106986522674561
2	29	0.073829106986522674561
2	30	-0.0062868595123291015625
2	31	0.0062868595123291015625
2	32	-0.067542240023612976074
2	33	0.067542240023612976074
2	34	-0.091069765388965606689
2	35	0.091069765388965606689
2	36	-0.017010729759931564331
2	37	0.017010729759931564331
2	38	-0.074059031903743743896
2	39	0.074059031903743743896
2	40	-0.05767586827278137207
2	41	0.05767586827278137207
2	42	-0.0096584782004356384277
2	43	0.0096584782004356384277
2	44	-0.048017390072345733643
2	45	0.048017390072345733643
2	46	-0.0749166831374168396
2	47	0.0749166831374168396
2	48	-0.020382393151521682739
2	49	0.020382393151521682739
2	50	-0.05453428998589515686
2	51	0.05453428998589515686
2	52	-0.092157475650310516357
2	53	0.092157475650310516357
2	54	-0.031106293201446533203
2	55	0.031106293201446533203
2	56	-0.061051182448863983154
2	57	0.061051182448863983154
2	58	-0.10939814150333404541
2	59	0.10939814150333404541
2	60	-0.041830170899629592896
2	61	0.041830170899629592896
2	62	-0.067567974328994750977
2	63	0.067567974328994750977
2	64	-0.05876360088586807251
2	65	0.05876360088586807251
2	66	-0.023754052817821502686
2	67	0.023754052817821502686
2	68	-0.035009548068046569824
2	69	0.035009548068046569824
2	70	-0.076004400849342346191
2	71	0.076004400849342346191
2	72	-0.034477956593036651611
2	73	0.034477956593036651611
2	74	-0.04152644425630569458
2	75	0.04152644425630569458
2	76	-0.09324505925178527832
2	77	0.09324505925178527832
2	78	-0.045201830565929412842
2	79	0.045201830565929412842
2	80	-0.04804323241114616394
2	81	0.04804323241114616394
3	2	0.16616514325141906738
3	3	0.20698212087154388428
3	4	0.058958679437637329102
3	5	0.08977568894624710083
3	6	0.12059275805950164795
3	7	0.15140974521636962891
3	8	-0.017430722713470458984
3	9	0.013386324048042297363
3	10	0.044203322380781173706
3	28	-0.064670205116271972656
3	29	0.064670205116271972656
3	30	-0.051718540489673614502
3	31	0.051718540489673614502
3	32	-0.012951664626598358154
3	33	0.012951664626598358154
3	34	-0.083505079150199890137
3	35	0.083505079150199890137
3	36	-0.063973054289817810059
3	37	0.063973054289817810059
3	38	-0.019532024860382080078
3	39	0.019532024860382080078
3	40	-0.046258583664894104004
3	41	0.046258583664894104004
3	42	-0.057076826691627502441
3	43	0.057076826691627502441
3	44	0.010818250477313995361
3	45	-0.010818250477313995361
3	46	-0.065093591809272766113
3	47	0.065093591809272766113
3	48	-0.069331467151641845703
3	49	0.069331467151641845703
3	50	0.0042378753423690795898
3	51	-0.0042378753423690795898
3	52	-0.083928599953651428223
3	53	0.083928599953651428223
3	54	-0.081586092710494995117
3	55	0.081586092710494995117
3	56	-0.0023424997925758361816
3	57	0.0023424997925758361816
3	58	-0.1027634739875793457
3	59	0.1027634739875793457
3	60	-0.093840606510639190674
3	61	0.093840606510639190674
3	62	-0.0089228674769401550293
3	63	0.0089228674769401550293
3	64	-0.04668210446834564209
3	65	0.04668210446834564209
3	66	-0.074689887464046478271
3	67	0.074689887464046478271
3	68	0.028007782995700836182
3	69	-0.028007782995700836182
3	70	-0.065517105162143707275
3	71	0.065517105162143707275
3	72	-0.086944505572319030762
3	73	0.086944505572319030762
3	74	0.021427404135465621948
3	75	-0.021427404135465621948
3	76	-0.08435198664665222168
3	77	0.08435198664665222168
3	78	-0.099199026823043823242
3	79	0.099199026823043823242
3	80	0.014847040176391601562
3	81	-0.014847040176391601562
4	2	0.14920854568481445312
4	3	0.058958679437637329102
4	4	0.24875359237194061279
4	5	0.14850372076034545898
4	6	0.058253839612007141113
4	7	-0.031995996832847595215
4	8	0.23804877698421478271
4	9	0.14779889583587646484
4	10	0.05754902958869934082
4	28	-0.015525290742516517639
4	29	0.015525290742516517639
4	30	0.067471988499164581299
4	31	-0.067471988499164581299
4	32	-0.082997277379035949707
4	33	0.082997277379035949707
4	34	-0.013593535870313644409
4	35	0.013593535870313644409
4	36	0.069475993514060974121
4	37	-0.069475993514060974121
4	38	-0.083069533109664916992
4	39	0.083069533109664916992
4	40	-0.01847362518310546875
4	41	0.01847362518310546875
4	42	0.070343159139156341553
4	43	-0.070343159139156341553
4	44	-0.088816791772842407227
4	45	0.088816791772842407227
4	46	-0.016541898250579833984
4	47	0.016541898250579833984
4	48	0.072347283363342285156
4	49	-0.072347283363342285156
4	50	-0.088889181613922119141
4	51	0.088889181613922119141
4	52	-0.014610170386731624603
4	53	0.014610170386731624603
4	54	0.074351400136947631836
4	55	-0.074351400136947631836
4	56	-0.088961578905582427979
4	57	0.088961578905582427979
4	58	-0.012678416445851325989
4	59	0.012678416445851325989
4	60	0.076355390250682830811
4	61	-0.076355390250682830811
4	62	-0.089033819735050201416
4	63	0.089033819735050201416
4	64	-0.019490258768200874329
4	65	0.019490258768200874329
4	66	0.075218573212623596191
4	67	-0.075218573212623596191
4	68	-0.094708837568759918213
4	69	0.094708837568759918213
4	70	-0.017558531835675239563
4	71	0.017558531835675239563
4	72	0.077222689986228942871
4	73	-0.077222689986228942871
4	74	-0.094781234860420227051
4	75	0.094781234860420227051
4	76	-0.015626778826117515564
4	77	0.015626778826117515564
4	78	0.079226695001125335693
4	79	-0.079226695001125335693
4	80	-0.094853468239307403564
4	81	0.094853468239307403564
5	2	0.11990533769130706787
5	3	0.08977568894624710083
5	4	0.14850372076034545898
5	5	0.12837408483028411865
5	6	0.088244423270225524902
5	7	0.058114781975746154785
5	8	0.14697247743606567383
5	9	0.11684282124042510986
5	10	0.086713172495365142822
5	28	-0.0063664196059107780457
5	29	0.0063664196059107780457
5	30	0.022040305659174919128
5	31	-0.022040305659174919128
5	32	-0.028406724333763122559
5	33	0.028406724333763122559
5	34	-0.0060288878157734870911
5	35	0.0060288878157734870911
5	36	0.02251366153359413147
5	37	-0.02251366153359413147
5	38	-0.028542548418045043945
5	39	0.028542548418045043945
5	40	-0.0070563633926212787628
5	41	0.0070563633926212787628
5	42	0.022924797609448432922
5	43	-0.022924797609448432922
5	44	-0.029981160536408424377
5	45	0.029981160536408424377
5	46	-0.0067188423126935958862
5	47	0.0067188423126935958862
5	48	0.023398192599415779114
5	49	-0.023398192599415779114
5	50	-0.030117033049464225769
5	51	0.030117033049464225769
5	52	-0.0063813207671046257019
5	53	0.0063813207671046257019
5	54	0.023871583864092826843
5	55	-0.023871583864092826843
5	56	-0.030252907425165176392
5	57	0.030252907425165176392
5	58	-0.0060437894426286220551
5	59	0.0060437894426286220551
5	60	0.024344939738512039185
5	61	-0.024344939738512039185
5	62	-0.030388727784156799316
5	63	0.030388727784156799316
5	64	-0.0074087963439524173737
5	65	0.0074087963439524173737
5	66	0.024282723665237426758
5	67	-0.024282723665237426758
5	68	-0.031691521406173706055
5	69	0.031691521406173706055
5	70	-0.0070712761953473091125
5	71	0.0070712761953473091125
5	72	0.024756118655204772949
5	73	-0.024756118655204772949
5	74	-0.031827397644519805908
5	75	0.031827397644519805908
5	76	-0.0067337439395487308502
5	77	0.0067337439395487308502
5	78	0.02522947266697883606
5	79	-0.02522947266697883606
5	80	-0.031963218003511428833
5	81	0.031963218003511428833
6	2	0.090602166950702667236
6	3	0.12059275805950164795
6	4	0.058253839612007141113
6	5	0.088244423270225524902
6	6	0.12823502719402313232
6	7	0.14822560548782348633
6	8	0.055896103382110595703
6	9	0.085886687040328979492
6	10	0.11587728559970855713
6	28	0.002792417304590344429
6	29	-0.002792417304590344429
6	30	-0.023391418159008026123
6	31	0.023391418159008026123
6	32	0.026183836162090301514
6	33	-0.026183836162090301514
6	34	0.0015357201918959617615
6	35	-0.0015357201918959617615
6	36	-0.024448715150356292725
6	37	0.024448715150356292725
6	38	0.025984436273574829102
6	39	-0.025984436273574829102
6	40	0.0043608737178146839142
6	41	-0.0043608737178146839142
6	42	-0.024493604898452758789
6	43	0.024493604898452758789
6	44	0.028854478150606155396
6	45	-0.028854478150606155396
6	46	0.0031041803304105997086
6	47	-0.0031041803304105997086
6	48	-0.025550942867994308472
6	49	0.025550942867994308472
6	50	0.028655124828219413757
6	51	-0.028655124828219413757
6	52	0.0018474864773452281952
6	53	-0.0018474864773452281952
6	54	-0.026608280837535858154
6	55	0.026608280837535858154
6	56	0.028455769643187522888
6	57	-0.028455769643187522888
6	58	0.00059079006314277648926
6	59	-0.00059079006314277648926
6	60	-0.027665574103593826294
6	61	0.027665574103593826294
6	62	0.028256364166736602783
6	63	-0.028256364166736602783
6	64	0.0046726400032639503479
6	65	-0.0046726400032639503479
6	66	-0.026653174310922622681
6	67	0.026653174310922622681
6	68	0.031325817108154296875
6	69	-0.031325817108154296875
6	70	0.0034159468486905097961
6	71	-0.0034159468486905097961
6	72	-0.027710510417819023132
6	73	0.027710510417819023132
6	74	0.031126460060477256775
6	75	-0.031126460060477256775
6	76	0.0021592497359961271286
6	77	-0.0021592497359961271286
6	78	-0.028767805546522140503
6	79	0.028767805546522140503
6	80	0.03092705458402633667
6	81	-0.03092705458402633667
7	2	0.061298940330743789673
7	3	0.15140974521636962891
7	4	-0.031995996832847595215
7	5	0.058114781975746154785
7	6	0.14822560548782348633
7	7	0.24833638966083526611
7	8	-0.035180151462554931641
7	9	0.054930642247200012207
7	10	0.1450414508581161499
7	28	0.011951311491429805756
7	29	-0.011951311491429805756
7	30	-0.068823099136352539062
7	31	0.068823099136352539062
7	32	0.080774396657943725586
7	33	-0.080774396657943725586
7	34	0.0091004036366939544678
7	35	-0.0091004036366939544678
7	36	-0.071411028504371643066
7	37	0.071411028504371643066
7	38	0.080511428415775299072
7	39	-0.080511428415775299072
7	40	0.015778146684169769287
7	41	-0.015778146684169769287
7	42	-0.071911945939064025879
7	43	0.071911945939064025879
7	44	0.08769010007381439209
7	45	-0.08769010007381439209
7	46	0.012927261181175708771
7	47	-0.012927261181175708771
7	48	-0.074500009417533874512
7	49	0.074500009417533874512
7	50	0.087427273392677307129
7	51	-0.087427273392677307129
7	52	0.010076369158923625946
7	53	-0.010076369158923625946
7	54	-0.077088072896003723145
7	55	0.077088072896003723145
7	56	0.08716443181037902832
7	57	-0.08716443181037902832
7	58	0.0072254631668329238892
7	59	-0.0072254631668329238892
7	60	-0.079675994813442230225
7	61	0.079675994813442230225
7	62	0.086901463568210601807
7	63	-0.086901463568210601807
7	64	0.016754116863012313843
7	65	-0.016754116863012313843
7	66	-0.077588997781276702881
7	67	0.077588997781276702881
7	68	0.094343110918998718262
7	69	-0.094343110918998718262
7	70	0.013903227634727954865
7	71	-0.013903227634727954865
7	72	-0.08017705380916595459
7	73	0.08017705380916595459
7	74	0.094080276787281036377
7	75	-0.094080276787281036377
7	76	0.011052319779992103577
7	77	-0.011052319779992103577
7	78	-0.082764983177185058594
7	79	0.082764983177185058594
7	80	0.093817308545112609863
7	81	-0.093817308545112609863
8	2	0.073645547032356262207
8	3	-0.017430722713470458984
8	4	0.23804877698421478271
8	5	0.14697247743606567383
8	6	0.055896103382110595703
8	7	-0.035180151462554931641
8	8	0.32137566804885864258
8	9	0.22029931843280792236
8	10	0.12922301888465881348
8	28	0.051937367767095565796
8	29	-0.051937367767095565796
8	30	0.095799140632152557373
8	31	-0.095799140632152557373
8	32	-0.043861784040927886963
8	33	0.043861784040927886963
8	34	0.071447297930717468262
8	35	-0.071447297930717468262
8	36	0.10900036990642547607
8	37	-0.10900036990642547607
8	38	-0.037553075700998306274
8	39	0.037553075700998306274
8	40	0.032145857810974121094
8	41	-0.032145857810974121094
8	42	0.10292642563581466675
8	43	-0.10292642563581466675
8	44	-0.070780567824840545654
8	45	0.070780567824840545654
8	46	0.051655910909175872803
8	47	-0.051655910909175872803
8	48	0.11612784862518310547
8	49	-0.11612784862518310547
8	50	-0.064471937716007232666
8	51	0.064471937716007232666
8	52	0.071165949106216430664
8	53	-0.071165949106216430664
8	54	0.12932926416397094727
8	55	-0.12932926416397094727
8	56	-0.058163315057754516602
8	57	0.058163315057754516602
8	58	0.090675897896289825439
8	59	-0.090675897896289825439
8	60	0.14253048598766326904
8	61	-0.14253048598766326904
8	62	-0.051854588091373443604
8	63	0.051854588091373443604
8	64	0.03186451643705368042
8	65	-0.03186451643705368042
8	66	0.12325532734394073486
8	67	-0.12325532734394073486
8	68	-0.091390818357467651367
8	69	0.091390818357467651367
8	70	0.051374554634094238281
8	71	-0.051374554634094238281
8	72	0.13645674288272857666
8	73	-0.13645674288272857666
8	74	-0.085082195699214935303
8	75	0.085082195699214935303
8	76	0.070884503424167633057
8	77	-0.070884503424167633057
8	78	0.14965796470642089844
8	79	-0.14965796470642089844
8	80	-0.078773468732833862305
8	81	0.078773468732833862305
9	2	0.044342380017042160034
9	3	0.013386324048042297363
9	4	0.14779889583587646484
9	5	0.11684282124042510986
9	6	0.085886687040328979492
9	7	0.054930642247200012207
9	8	0.22029931843280792236
9	9	0.19934321939945220947
9	10	0.15838713943958282471
9	28	0.061096206307411193848
9	29	-0.061096206307411193848
9	30	0.050367437303066253662
9	31	-0.050367437303066253662
9	32	0.010728769004344940186
9	33	-0.010728769004344940186
9	34	0.0790119171142578125
9	35	-0.0790119171142578125
9	36	0.062038011848926544189
9	37	-0.062038011848926544189
9	38	0.016973905265331268311
9	39	-0.016973905265331268311
9	40	0.043563101440668106079
9	41	-0.043563101440668106079
9	42	0.055508036166429519653
9	43	-0.055508036166429519653
9	44	-0.011944938451051712036
9	45	0.011944938451051712036
9	46	0.061478938907384872437
9	47	-0.061478938907384872437
9	48	0.067178733646869659424
9	49	-0.067178733646869659424
9	50	-0.0056997947394847869873
9	51	0.0056997947394847869873
9	52	0.079394765198230743408
9	53	-0.079394765198230743408
9	54	0.078849419951438903809
9	55	-0.078849419951438903809
9	56	0.00054535269737243652344
9	57	-0.00054535269737243652344
9	58	0.097310483455657958984
9	59	-0.097310483455657958984
9	60	0.090519987046718597412
9	61	-0.090519987046718597412
9	62	0.0067904926836490631104
9	63	-0.0067904926836490631104
9	64	0.043945956975221633911
9	65	-0.043945956975221633911
9	66	0.072319447994232177734
9	67	-0.072319447994232177734
9	68	-0.028373491019010543823
9	69	0.028373491019010543823
9	70	0.061861786991357803345
9	71	-0.061861786991357803345
9	72	0.083990134298801422119
9	73	-0.083990134298801422119
9	74	-0.022128351032733917236
9	75	0.022128351032733917236
9	76	0.079777501523494720459
9	77	-0.079777501523494720459
9	78	0.09566071629524230957
9	79	-0.09566071629524230957
9	80	-0.015883207321166992188
9	81	0.015883207321166992188
10	2	0.015039145946502685547
10	3	0.044203322380781173706
10	4	0.05754902958869934082
10	5	0.086713172495365142822
10	6	0.11587728559970855713
10	7	0.1450414508581161499
10	8	0.12922301888465881348
10	9	0.15838713943958282471
10	10	0.19755131006240844727
10	28	0.070255093276500701904
10	29	-0.070255093276500701904
10	30	0.004935741424560546875
10	31	-0.004935741424560546875
10	32	0.065319351851940155029
10	33	-0.065319351851940155029
10	34	0.086576581001281738281
10	35	-0.086576581001281738281
10	36	0.015075670555233955383
10	37	-0.015075670555233955383
10	38	0.071500912308692932129
10	39	-0.071500912308692932129
10	40	0.05498037487268447876
10	41	-0.05498037487268447876
10	42	0.0080896690487861633301
10	43	-0.0080896690487861633301
10	44	0.04689070582389831543
10	45	-0.04689070582389831543
10	46	0.071302011609077453613
10	47	-0.071302011609077453613
10	48	0.018229639157652854919
10	49	-0.018229639157652854919
10	50	0.053072370588779449463
10	51	-0.053072370588779449463
10	52	0.087623640894889831543
10	53	-0.087623640894889831543
10	54	0.028369599953293800354
10	55	-0.028369599953293800354
10	56	0.05925404280424118042
10	57	-0.05925404280424118042
10	58	0.10394513607025146484
10	59	-0.10394513607025146484
10	60	0.038509532809257507324
10	61	-0.038509532809257507324
10	62	0.06543560326099395752
10	63	-0.06543560326099395752
10	64	0.056027427315711975098
10	65	-0.056027427315711975098
10	66	0.021383598446846008301
10	67	-0.021383598446846008301
10	68	0.034643828868865966797
10	69	-0.034643828868865966797
10	70	0.072349056601524353027
10	71	-0.072349056601524353027
10	72	0.031523562967777252197
10	73	-0.031523562967777252197
10	74	0.040825497359037399292
10	75	-0.040825497359037399292
10	76	0.088670551776885986328
10	77	-0.088670551776885986328
10	78	0.041663497686386108398
10	79	-0.041663497686386108398
10	80	0.047007061541080474854
10	81	-0.047007061541080474854
11	0	-0.11804966628551483154
11	1	-0.052901607006788253784
11	11	0.47256201505661010742
11	12	-0.15048612654209136963
11	13	-0.30825904011726379395
11	14	-0.16593374311923980713
11	15	-0.071619175374507904053
11	16	0.070016011595726013184
11	17	-0.070016011595726013184
11	18	-0.13445642590522766113
11	19	0.13445642590522766113
11	20	0.20447243750095367432
11	21	-0.20447243750095367432
11	22	0.10348746180534362793
11	23	-0.10348746180534362793
11	24	-0.11230905354022979736
11	25	0.11230905354022979736
11	26	0.21579650044441223145
11	27	-0.21579650044441223145
11	82	-0.12103062868118286133
11	83	0.12103062868118286133
11	84	0.097928509116172790527
11	85	-0.097928509116172790527
11	86	-0.2189591526985168457
11	87	0.2189591526985168457
11	88	0.3737666010856628418
11	89	-0.3737666010856628418
11	90	0.12257456779479980469
11	91	-0.12257456779479980469
11	92	0.2511920630931854248
11	93	-0.2511920630931854248
11	94	0.072825297713279724121
11	95	-0.072825297713279724121
11	96	0.36076432466506958008
11	97	-0.36076432466506958008
11	98	-0.2879390716552734375
11	99	0.2879390716552734375
11	100	0.1195651516318321228
11	101	-0.1195651516318321228
11	102	0.071584157645702362061
11	103	-0.071584157645702362061
11	104	0.047981001436710357666
11	105	-0.047981001436710357666
11	106	0.11906091868877410889
11	107	-0.11906091868877410889
11	108	0.19538295269012451172
11	109	-0.19538295269012451172
11	110	-0.076322056353092193604
11	111	0.076322056353092193604
12	0	-0.057590894401073455811
12	1	-0.038173738867044448853
12	11	-0.15048612654209136963
12	12	0.46247687935829162598
12	13	0.47605055570602416992
12	14	0.030768111348152160645
12	15	-0.0037621799856424331665
12	16	0.0070376619696617126465
12	17	-0.0070376619696617126465
12	18	-0.035593651235103607178
12	19	0.035593651235103607178
12	20	0.042631313204765319824
12	21	-0.042631313204765319824
12	22	-0.021130524575710296631
12	23	0.021130524575710296631
12	24	-0.048526398837566375732
12	25	0.048526398837566375732
12	26	0.027395874261856079102
12	27	-0.027395874261856079102
12	82	-0.08717883378267288208
12	83	0.08717883378267288208
12	84	-0.40145316720008850098
12	85	0.40145316720008850098
12	86	0.31427434086799621582
12	87	-0.31427434086799621582
12	88	-0.15115326642990112305
12	89	0.15115326642990112305
12	90	0.018095904961228370667
12	91	-0.018095904961228370667
12	92	-0.16924917697906494141
12	93	0.16924917697906494141
12	94	-0.051021661609411239624
12	95	0.051021661609411239624
12	96	0.003040183335542678833
12	97	-0.003040183335542678833
12	98	-0.054061844944953918457
12	99	0.054061844944953918457
12	100	-0.14562764763832092285
12	101	0.14562764763832092285
12	102	-0.05478964000940322876
12	103	0.05478964000940322876
12	104	-0.09083798527717590332
12	105	0.09083798527717590332
12	106	-0.00084447488188743591309
12	107	0.00084447488188743591309
12	108	-0.13007336854934692383
12	109	0.13007336854934692383
12	110	0.1292289048433303833
12	111	-0.1292289048433303833
13	0	-0.028902454301714897156
13	1	0.016091102734208106995
13	11	-0.30825904011726379395
13	12	0.47605055570602416992
13	13	0.71628624200820922852
13	14	0.055504396557807922363
13	15	0.046128608286380767822
13	16	0.052745260298252105713
13	17	-0.052745260298252105713
13	18	-0.03576442226767539978
13	19	0.03576442226767539978
13	20	0.088509678840637207031
13	21	-0.088509678840637207031
13	22	-0.0615386962890625
13	23	0.0615386962890625
13	24	-0.090831577777862548828
13	25	0.090831577777862548828
13	26	0.029292888939380645752
13	27	-0.029292888939380645752
13	82	-0.055228341370820999146
13	83	0.055228341370820999146
13	84	-0.56160986423492431641
13	85	0.56160986423492431641
13	86	0.50638157129287719727
13	87	-0.50638157129287719727
13	88	-0.28173166513442993164
13	89	0.28173166513442993164
13	90	0.035812996327877044678
13	91	-0.035812996327877044678
13	92	-0.31754466891288757324
13	93	0.31754466891288757324
13	94	-0.12167713046073913574
13	95	0.12167713046073913574
13	96	-0.10699356347322463989
13	97	0.10699356347322463989
13	98	-0.014683563262224197388
13	99	0.014683563262224197388
13	100	-0.14104633033275604248
13	101	0.14104633033275604248
13	102	-0.079548127949237823486
13	103	0.079548127949237823486
13	104	-0.061498202383518218994
13	105	0.061498202383518218994
13	106	-0.020858418196439743042
13	107	0.020858418196439743042
13	108	-0.16437031328678131104
13	109	0.16437031328678131104
13	110	0.14351189136505126953
13	111	-0.14351189136505126953
14	11	-0.16593374311923980713
14	12	0.030768111348152160645
14	13	0.055504396557807922363
14	14	0.46099883317947387695
14	15	-0.013013264164328575134
14	82	-0.034225754439830780029
14	83	0.034225754439830780029
14	84	-0.0086487084627151489258
14	85	0.0086487084627151489258
14	86	-0.025577044114470481873
14	87	0.025577044114470481873
14	88	-0.047682188451290130615
14	89	0.047682188451290130615
14	90	0.059422332793474197388
14	91	-0.059422332793474197388
14	92	-0.10710452497005462646
14	93	0.10710452497005462646
14	94	-0.11167468875646591187
14	95	0.11167468875646591187
14	96	-0.13982783257961273193
14	97	0.13982783257961273193
14	98	0.028153151273727416992
14	99	-0.028153151273727416992
14	100	-0.055215191096067428589
14	101	0.055215191096067428589
14	102	0.13376662135124206543
14	103	-0.13376662135124206543
14	104	-0.18898181617259979248
14	105	0.18898181617259979248
14	106	-0.47167986631393432617
14	107	0.47167986631393432617
14	108	-0.38024848699569702148
14	109	0.38024848699569702148
14	110	-0.09143136441707611084
14	111	0.09143136441707611084
15	11	-0.071619175374507904053
15	12	-0.0037621799856424331665
15	13	0.046128608286380767822
15	14	-0.013013264164328575134
15	15	0.33606708049774169922
15	82	0.013831943273544311523
15	83	-0.013831943273544311523
15	84	-0.0050897765904664993286
15	85	0.0050897765904664993286
15	86	0.018921718001365661621
15	87	-0.018921718001365661621
15	88	-0.14278897643089294434
15	89	0.14278897643089294434
15	90	-0.072701320052146911621
15	91	0.072701320052146911621
15	92	-0.070087663829326629639
15	93	0.070087663829326629639
15	94	0.027121260762214660645
15	95	-0.027121260762214660645
15	96	-0.038153525441884994507
15	97	0.038153525441884994507
15	98	0.065274804830551147461
15	99	-0.065274804830551147461
15	100	-0.10053996741771697998
15	101	0.10053996741771697998
15	102	-0.32073411345481872559
15	103	0.32073411345481872559
15	104	0.22019416093826293945
15	105	-0.22019416093826293945
15	106	0.10269980877637863159
15	107	-0.10269980877637863159
15	108	0.013374692760407924652
15	109	-0.013374692760407924652
15	110	0.089325100183486938477
15	111	-0.089325100183486938477
16	0	-0.049466792494058609009
16	1	-0.012428833171725273132
16	11	0.070016011595726013184
16	12	0.0070376619696617126465
16	13	0.052745260298252105713
16	16	0.53367114067077636719
16	17	-0.52367115020751953125
16	18	0.20423847436904907227
16	19	-0.20423847436904907227
16	20	0.31943264603614807129
16	21	-0.31943264603614807129
16	22	0.45182555913925170898
16	23	-0.45182555913925170898
16	24	0.17029267549514770508
16	25	-0.17029267549514770508
16	26	0.28153288364410400391
16	27	-0.28153288364410400391
16	82	-0.094702728092670440674
16	83	0.094702728092670440674
16	84	-0.056075245141983032227
16	85	0.056075245141983032227
16	86	-0.038627490401268005371
16	87	0.038627490401268005371
16	88	0.19154502451419830322
16	89	-0.19154502451419830322
16	90	0.17583259940147399902
16	91	-0.17583259940147399902
16	92	0.015712410211563110352
16	93	-0.015712410211563110352
16	94	-0.081604413688182830811
16	95	0.081604413688182830811
16	96	0.13224974274635314941
16	97	-0.13224974274635314941
16	98	-0.21385419368743896484
16	99	0.21385419368743896484
16	112	1
17	0	0.049466792494058609009
17	1	0.012428833171725273132
17	11	-0.070016011595726013184
17	12	-0.0070376619696617126465
17	13	-0.052745260298252105713
17	16	-0.52367115020751953125
17	17	0.53367114067077636719
17	18	-0.20423847436904907227
17	19	0.20423847436904907227
17	20	-0.31943264603614807129
17	21	0.31943264603614807129
17	22	-0.45182555913925170898
17	23	0.45182555913925170898
17	24	-0.17029267549514770508
17	25	0.17029267549514770508
17	26	-0.28153288364410400391
17	27	0.28153288364410400391
17	82	0.094702728092670440674
17	83	-0.094702728092670440674
17	84	0.056075245141983032227
17	85	-0.056075245141983032227
17	86	0.038627490401268005371
17	87	-0.038627490401268005371
17	88	-0.19154502451419830322
17	89	0.19154502451419830322
17	90	-0.17583259940147399902
17	91	0.17583259940147399902
17	92	-0.015712410211563110352
17	93	0.015712410211563110352
17	94	0.081604413688182830811
17	95	-0.081604413688182830811
17	96	-0.13224974274635314941
17	97	0.13224974274635314941
17	98	0.21385419368743896484
17	99	-0.21385419368743896484
17	112	1
18	0	0.029267298057675361633
18	1	-0.097624190151691436768
18	11	-0.13445642590522766113
18	12	-0.035593651235103607178
18	13	-0.03576442226767539978
18	16	0.20423847436904907227
18	17	-0.20423847436904907227
18	18	0.44260162115097045898
18	19	-0.43260163068771362305
18	20	-0.22836315631866455078
18	21	0.22836315631866455078
18	22	0.18918266892433166504
18	23	-0.18918266892433166504
18	24	0.41513997316360473633
18	25	-0.41513997316360473633
18	26	-0.22595730423927307129
18	27	0.22595730423927307129
18	82	0.15118896961212158203
18	83	-0.15118896961212158203
18	84	0.15747171640396118164
18	85	-0.15747171640396118164
18	86	-0.0062827519141137599945
18	87	0.0062827519141137599945
18	88	-0.0035621840506792068481
18	89	0.0035621840506792068481
18	90	-0.06867554783821105957
18	91	0.06867554783821105957
18	92	0.065113380551338195801
18	93	-0.065113380551338195801
18	94	0.035415545105934143066
18	95	-0.035415545105934143066
18	96	-0.10233877599239349365
18	97	0.10233877599239349365
18	98	0.13775432109832763672
18	99	-0.13775432109832763672
18	112	1
19	0	-0.029267298057675361633
19	1	0.097624190151691436768
19	11	0.13445642590522766113
19	12	0.035593651235103607178
19	13	0.03576442226767539978
19	16	-0.20423847436904907227
19	17	0.20423847436904907227
19	18	-0.43260163068771362305
19	19	0.44260162115097045898
19	20	0.22836315631866455078
19	21	-0.22836315631866455078
19	22	-0.18918266892433166504
19	23	0.18918266892433166504
19	24	-0.41513997316360473633
19	25	0.41513997316360473633
19	26	0.22595730423927307129
19	27	-0.22595730423927307129
19	82	-0.15118896961212158203
19	83	0.15118896961212158203
19	84	-0.15747171640396118164
19	85	0.15747171640396118164
19	86	0.0062827519141137599945
19	87	-0.0062827519141137599945
19	88	0.0035621840506792068481
19	89	-0.0035621840506792068481
19	90	0.06867554783821105957
19	91	-0.06867554783821105957
19	92	-0.065113380551338195801
19	93	0.065113380551338195801
19	94	-0.035415545105934143066
19	95	0.035415545105934143066
19	96	0.10233877599239349365
19	97	-0.10233877599239349365
19	98	-0.13775432109832763672
19	99	0.13775432109832763672
19	112	1
20	0	-0.078734092414379119873
20	1	0.085195340216159820557
20	11	0.20447243750095367432
20	12	0.042631313204765319824
20	13	0.088509678840637207031
20	16	0.31943264603614807129
20	17	-0.31943264603614807129
20	18	-0.22836315631866455078
20	19	0.22836315631866455078
20	20	0.55779576301574707031
20	21	-0.54779577255249023438
20	22	0.26264286041259765625
20	23	-0.26264286041259765625
20	24	-0.24484729766845703125
20	25	0.24484729766845703125
20	26	0.5074901580810546875
20	27	-0.5074901580810546875
20	82	-0.24589166045188903809
20	83	0.24589166045188903809
20	84	-0.21354697644710540771
20	85	0.21354697644710540771
20	86	-0.032344728708267211914
20	87	0.032344728708267211914
20	88	0.19510717689990997314
20	89	-0.19510717689990997314
20	90	0.24450814723968505859
20	91	-0.24450814723968505859
20	92	-0.049400974065065383911
20	93	0.049400974065065383911
20	94	-0.1170199662446975708
20	95	0.1170199662446975708
20	96	0.23458850383758544922
20	97	-0.23458850383758544922
20	98	-0.35160851478576660156
20	99	0.35160851478576660156
20	112	1
21	0	0.078734092414379119873
21	1	-0.085195340216159820557
21	11	-0.20447243750095367432
21	12	-0.042631313204765319824
21	13	-0.088509678840637207031
21	16	-0.31943264603614807129
21	17	0.31943264603614807129
21	18	0.22836315631866455078
21	19	-0.22836315631866455078
21	20	-0.54779577255249023438
21	21	0.55779576301574707031
21	22	-0.26264286041259765625
21	23	0.26264286041259765625
21	24	0.24484729766845703125
21	25	-0.24484729766845703125
21	26	-0.5074901580810546875
21	27	0.5074901580810546875
21	82	0.24589166045188903809
21	83	-0.24589166045188903809
21	84	0.21354697644710540771
21	85	-0.21354697644710540771
21	86	0.032344728708267211914
21	87	-0.032344728708267211914
21	88	-0.19510717689990997314
21	89	0.19510717689990997314
21	90	-0.24450814723968505859
21	91	0.24450814723968505859
21	92	0.049400974065065383911
21	93	-0.049400974065065383911
21	94	0.1170199662446975708
21	95	-0.1170199662446975708
21	96	-0.23458850383758544922
21	97	0.23458850383758544922
21	98	0.35160851478576660156
21	99	-0.35160851478576660156
21	112	1
22	0	-0.039113640785217285156
22	1	-0.020377155393362045288
22	11	0.10348746180534362793
22	12	-0.021130524575710296631
22	13	-0.0615386962890625
22	16	0.45182555913925170898
22	17	-0.45182555913925170898
22	18	0.18918266892433166504
22	19	-0.18918266892433166504
22	20	0.26264286041259765625
22	21	-0.26264286041259765625
22	22	0.47057616710662841797
22	23	-0.46057617664337158203
22	24	0.19510379433631896973
22	25	-0.19510379433631896973
22	26	0.265472412109375
22	27	-0.265472412109375
22	82	-0.052218902856111526489
22	83	0.052218902856111526489
22	84	0.062796771526336669922
22	85	-0.062796771526336669922
22	86	-0.1150156855583190918
22	87	0.1150156855583190918
22	88	0.18199451267719268799
22	89	-0.18199451267719268799
22	90	0.093208909034729003906
22	91	-0.093208909034729003906
22	92	0.08878561854362487793
22	93	-0.08878561854362487793
22	94	-0.0020324094220995903015
22	95	0.0020324094220995903015
22	96	0.15250304341316223145
22	97	-0.15250304341316223145
22	98	-0.15453547239303588867
22	99	0.15453547239303588867
22	113	1
23	0	0.039113640785217285156
23	1	0.020377155393362045288
23	11	-0.10348746180534362793
23	12	0.021130524575710296631
23	13	0.0615386962890625
23	16	-0.45182555913925170898
23	17	0.45182555913925170898
23	18	-0.18918266892433166504
23	19	0.18918266892433166504
23	20	-0.26264286041259765625
23	21	0.26264286041259765625
23	22	-0.46057617664337158203
23	23	0.47057616710662841797
23	24	-0.19510379433631896973
23	25	0.19510379433631896973
23	26	-0.265472412109375
23	27	0.265472412109375
23	82	0.052218902856111526489
23	83	-0.052218902856111526489
23	84	-0.062796771526336669922
23	85	0.062796771526336669922
23	86	0.1150156855583190918
23	87	-0.1150156855583190918
23	88	-0.18199451267719268799
23	89	0.18199451267719268799
23	90	-0.093208909034729003906
23	91	0.093208909034729003906
23	92	-0.08878561854362487793
23	93	0.08878561854362487793
23	94	0.0020324094220995903015
23	95	-0.0020324094220995903015
23	96	-0.15250304341316223145
23	97	0.15250304341316223145
23	98	0.15453547239303588867
23	99	-0.15453547239303588867
23	113	1
24	0	0.03237531706690788269
24	1	-0.09806804358959197998
24	11	-0.11230905354022979736
24	12	-0.048526398837566375732
24	13	-0.090831577777862548828
24	16	0.17029267549514770508
24	17	-0.17029267549514770508
24	18	0.41513997316360473633
24	19	-0.41513997316360473633
24	20	-0.24484729766845703125
24	21	0.24484729766845703125
24	22	0.19510379433631896973
24	23	-0.19510379433631896973
24	24	0.42782121896743774414
24	25	-0.4178212285041809082
24	26	-0.22271740436553955078
24	27	0.22271740436553955078
24	82	0.16168031096458435059
24	83	-0.16168031096458435059
24	84	0.20896232128143310547
24	85	-0.20896232128143310547
24	86	-0.04728196561336517334
24	87	0.04728196561336517334
24	88	-0.0044545512646436691284
24	89	0.0044545512646436691284
24	90	-0.10121867060661315918
24	91	0.10121867060661315918
24	92	0.096764102578163146973
24	93	-0.096764102578163146973
24	94	0.069113045930862426758
24	95	-0.069113045930862426758
24	96	-0.087246075272560119629
24	97	0.087246075272560119629
24	98	0.15635913610458374023
24	99	-0.15635913610458374023
24	113	1
25	0	-0.03237531706690788269
25	1	0.09806804358959197998
25	11	0.11230905354022979736
25	12	0.048526398837566375732
25	13	0.090831577777862548828
25	16	-0.17029267549514770508
25	17	0.17029267549514770508
25	18	-0.41513997316360473633
25	19	0.41513997316360473633
25	20	0.24484729766845703125
25	21	-0.24484729766845703125
25	22	-0.19510379433631896973
25	23	0.19510379433631896973
25	24	-0.4178212285041809082
25	25	0.42782121896743774414
25	26	0.22271740436553955078
25	27	-0.22271740436553955078
25	82	-0.16168031096458435059
25	83	0.16168031096458435059
25	84	-0.20896232128143310547
25	85	0.20896232128143310547
25	86	0.04728196561336517334
25	87	-0.04728196561336517334
25	88	0.0044545512646436691284
25	89	-0.0044545512646436691284
25	90	0.10121867060661315918
25	91	-0.10121867060661315918
25	92	-0.096764102578163146973
25	93	0.096764102578163146973
25	94	-0.069113045930862426758
25	95	0.069113045930862426758
25	96	0.087246075272560119629
25	97	-0.087246075272560119629
25	98	-0.15635913610458374023
25	99	0.15635913610458374023
25	113	1
26	0	-0.071488954126834869385
26	1	0.07769088447093963623
26	11	0.21579650044441223145
26	12	0.027395874261856079102
26	13	0.029292888939380645752
26	16	0.28153288364410400391
26	17	-0.28153288364410400391
26	18	-0.22595730423927307129
26	19	0.22595730423927307129
26	20	0.5074901580810546875
26	21	-0.5074901580810546875
26	22	0.265472412109375
26	23	-0.265472412109375
26	24	-0.22271740436553955078
26	25	0.22271740436553955078
26	26	0.49818986654281616211
26	27	-0.48818987607955932617
26	82	-0.21389925479888916016
26	83	0.21389925479888916016
26	84	-0.14616556465625762939
26	85	0.14616556465625762939
26	86	-0.067733712494373321533
26	87	0.067733712494373321533
26	88	0.18644906580448150635
26	89	-0.18644906580448150635
26	90	0.19442763924598693848
26	91	-0.19442763924598693848
26	92	-0.0079785175621509552002
26	93	0.0079785175621509552002
26	94	-0.071145474910736083984
26	95	0.071145474910736083984
26	96	0.23974914848804473877
26	97	-0.23974914848804473877
26	98	-0.3108946382999420166
26	99	0.3108946382999420166
26	113	1
27	0	0.071488954126834869385
27	1	-0.07769088447093963623
27	11	-0.21579650044441223145
27	12	-0.027395874261856079102
27	13	-0.029292888939380645752
27	16	-0.28153288364410400391
27	17	0.28153288364410400391
27	18	0.22595730423927307129
27	19	-0.22595730423927307129
27	20	-0.5074901580810546875
27	21	0.5074901580810546875
27	22	-0.265472412109375
27	23	0.265472412109375
27	24	0.22271740436553955078
27	25	-0.22271740436553955078
27	26	-0.48818987607955932617
