2022-06-27 06:38:37.794931+0200 HaradaExperiment[2420:244080] Metal GPU Frame Capture Enabled
2022-06-27 06:38:37.795209+0200 HaradaExperiment[2420:244080] Metal API Validation Enabled
loaded: duck-color from asset catalog
loaded: duck-color from asset catalog


iteration: 0


iteration: 1


iteration: 2


iteration: 3


iteration: 4


iteration: 5


iteration: 6


iteration: 7


iteration: 8


iteration: 9


iteration: 10


iteration: 11


iteration: 12


iteration: 13


iteration: 14


iteration: 15


iteration: 16


iteration: 17


iteration: 18


iteration: 19


iteration: 20


iteration: 21


iteration: 22


iteration: 23


iteration: 24


iteration: 25


iteration: 26


iteration: 27


iteration: 28


iteration: 29


iteration: 30


iteration: 31


iteration: 32


iteration: 33


iteration: 34


iteration: 35


iteration: 36


iteration: 37


iteration: 38


iteration: 39


iteration: 40


iteration: 41


iteration: 42


iteration: 43


iteration: 44


iteration: 45


iteration: 46


iteration: 47


iteration: 48


iteration: 49


iteration: 50


iteration: 51


iteration: 52


iteration: 53


iteration: 54


iteration: 55


iteration: 56


iteration: 57


iteration: 58


iteration: 59


iteration: 60


iteration: 61


iteration: 62


iteration: 63


iteration: 64


iteration: 65


iteration: 66


iteration: 67


iteration: 68


iteration: 69


iteration: 70


iteration: 71


iteration: 72


iteration: 73


iteration: 74


iteration: 75


iteration: 76


iteration: 77


iteration: 78


iteration: 79


iteration: 80


iteration: 81


iteration: 82


iteration: 83


iteration: 84


iteration: 85


iteration: 86


iteration: 87


iteration: 88


iteration: 89


iteration: 90


iteration: 91


iteration: 92


iteration: 93


iteration: 94


iteration: 95


iteration: 96


iteration: 97


iteration: 98


iteration: 99


iteration: 100


iteration: 101


iteration: 102


iteration: 103


iteration: 104


iteration: 105


iteration: 106


iteration: 107


iteration: 108


iteration: 109


iteration: 110


iteration: 111


iteration: 112


iteration: 113


iteration: 114


iteration: 115


iteration: 116


iteration: 117


iteration: 118


iteration: 119


iteration: 120


iteration: 121


iteration: 122


iteration: 123


iteration: 124


iteration: 125


iteration: 126


iteration: 127


iteration: 128


iteration: 129


iteration: 130


iteration: 131


iteration: 132


iteration: 133


iteration: 134


iteration: 135


iteration: 136


iteration: 137


iteration: 138


iteration: 139


iteration: 140


iteration: 141


iteration: 142


iteration: 143


iteration: 144


iteration: 145


iteration: 146


iteration: 147


iteration: 148


iteration: 149


iteration: 150


iteration: 151


iteration: 152


iteration: 153


iteration: 154


iteration: 155


iteration: 156


iteration: 157


iteration: 158


iteration: 159


iteration: 160


iteration: 161


iteration: 162


iteration: 163


iteration: 164


iteration: 165


iteration: 166


iteration: 167


iteration: 168


iteration: 169


iteration: 170


iteration: 171


iteration: 172


iteration: 173


iteration: 174


iteration: 175


iteration: 176


iteration: 177


iteration: 178


iteration: 179


iteration: 180


iteration: 181


iteration: 182


iteration: 183


iteration: 184


iteration: 185


iteration: 186


iteration: 187


iteration: 188


iteration: 189


iteration: 190


iteration: 191


iteration: 192


iteration: 193


iteration: 194


iteration: 195


iteration: 196


iteration: 197


iteration: 198


iteration: 199


iteration: 200


iteration: 201


iteration: 202


iteration: 203


iteration: 204


iteration: 205


iteration: 206


iteration: 207


iteration: 208


iteration: 209


iteration: 210


iteration: 211


iteration: 212


iteration: 213


iteration: 214


iteration: 215


iteration: 216


iteration: 217


iteration: 218


iteration: 219


iteration: 220


iteration: 221


iteration: 222


iteration: 223


iteration: 224


iteration: 225


iteration: 226


iteration: 227


iteration: 228


iteration: 229


iteration: 230


iteration: 231


iteration: 232


iteration: 233
generating sample matrix BEGIN
0	0	0.13963504135608673096
0	1	0.091672107577323913574
1	0	0.091672107577323913574
1	1	0.14119507372379302979
2	2	0.15239317715167999268
3	3	0.23842754960060119629
3	4	0.10445789247751235962
3	5	0.034111112356185913086
4	3	0.10445789247751235962
4	4	0.22082330286502838135
4	5	-0.014167569577693939209
5	3	0.034111112356185913086
5	4	-0.014167569577693939209
5	5	0.27975332736968994141
6	6	0.13231888413429260254
7	7	0.14501829445362091064
7	8	0.16852265596389770508
7	9	0.12197580933570861816
7	25	-0.14838194847106933594
7	26	-0.15700058639049530029
7	27	-0.14228951930999755859
7	28	-0.089299090206623077393
8	7	0.16852265596389770508
8	8	0.28542670607566833496
8	9	0.21248881518840789795
8	25	-0.12088036537170410156
8	26	-0.20359216630458831787
8	27	-0.12903778254985809326
8	28	-0.034043986350297927856
9	7	0.12197580933570861816
9	8	0.21248881518840789795
9	9	0.25569206476211547852
9	25	0.021302856504917144775
9	26	-0.07269147038459777832
9	27	-0.0039706900715827941895
9	28	0.046751797199249267578
10	10	0.203024253249168396
10	11	0.0032719105947762727737
11	10	0.0032719105947762727737
11	11	0.1403045952320098877
12	12	0.20060689747333526611
12	13	0.16139960289001464844
12	14	0.14657673239707946777
12	15	0.11736939847469329834
12	16	0.088162042200565338135
12	17	0.058954700827598571777
12	18	0.073339216411113739014
12	19	0.044131871312856674194
12	20	0.014924518764019012451
12	21	-0.1229086071252822876
12	22	0.011501420289278030396
13	12	0.16139960289001464844
13	13	0.20222111046314239502
13	14	0.057361833751201629639
13	15	0.088183276355266571045
13	16	0.11900472640991210938
13	17	0.14982616901397705078
13	18	-0.015854522585868835449
13	19	0.014966920018196105957
13	20	0.045788362622261047363
13	21	-0.060723710805177688599
13	22	-0.022759059444069862366
14	12	0.14657673239707946777
14	13	0.057361833751201629639
14	14	0.24581460654735565186
14	15	0.14659976959228515625
14	16	0.057384897023439407349
14	17	-0.031829938292503356934
14	18	0.23583765327930450439
14	19	0.14662280678749084473
14	20	0.057407937943935394287
14	21	-0.17861355841159820557
14	22	0.063895814120769500732
15	12	0.11736939847469329834
15	13	0.088183276355266571045
15	14	0.14659976959228515625
15	15	0.12741366028785705566
15	16	0.088227555155754089355
15	17	0.05904145166277885437
15	18	0.14664404094219207764
15	19	0.11745793372392654419
15	20	0.088271826505661010742
15	21	-0.11642870306968688965
15	22	0.029635375365614891052
16	12	0.088162042200565338135
16	13	0.11900472640991210938
16	14	0.057384897023439407349
16	15	0.088227555155754089355
16	16	0.12907022237777709961
16	17	0.14991287887096405029
16	18	0.057450398802757263184
16	19	0.088293060660362243652
16	20	0.11913572996854782104
16	21	-0.054243825376033782959
16	22	-0.0046250727027654647827
17	12	0.058954700827598571777
17	13	0.14982616901397705078
17	14	-0.031829938292503356934
17	15	0.05904145166277885437
17	16	0.14991287887096405029
17	17	0.25078427791595458984
17	18	-0.031743213534355163574
17	19	0.059128187596797943115
17	20	0.1499996185302734375
17	21	0.0079410448670387268066
17	22	-0.038885511457920074463
18	12	0.073339216411113739014
18	13	-0.015854522585868835449
18	14	0.23583765327930450439
18	15	0.14664404094219207764
18	16	0.057450398802757263184
18	17	-0.031743213534355163574
18	18	0.31914252042770385742
18	19	0.21994891762733459473
18	20	0.13075527548789978027
18	21	-0.17213368415832519531
18	22	0.08202978968620300293
19	12	0.044131871312856674194
19	13	0.014966920018196105957
19	14	0.14662280678749084473
19	15	0.11745793372392654419
19	16	0.088293060660362243652
19	17	0.059128187596797943115
19	18	0.21994891762733459473
19	19	0.20078404247760772705
19	20	0.1616191565990447998
19	21	-0.10994881391525268555
19	22	0.047769345343112945557
20	12	0.014924518764019012451
20	13	0.045788362622261047363
20	14	0.057407937943935394287
20	15	0.088271826505661010742
20	16	0.11913572996854782104
20	17	0.1499996185302734375
20	18	0.13075527548789978027
20	19	0.1616191565990447998
20	20	0.20248307287693023682
20	21	-0.047763928771018981934
20	22	0.01350889354944229126
21	12	-0.1229086071252822876
21	13	-0.060723710805177688599
21	14	-0.17861355841159820557
21	15	-0.11642870306968688965
21	16	-0.054243825376033782959
21	17	0.0079410448670387268066
21	18	-0.17213368415832519531
21	19	-0.10994881391525268555
21	20	-0.047763928771018981934
21	21	0.51921677589416503906
21	22	0.034189086407423019409
21	23	0.1820338815450668335
21	24	0.13293325901031494141
21	31	-0.29989251494407653809
21	32	-0.091262757778167724609
21	33	-0.10634656250476837158
22	12	0.011501420289278030396
22	13	-0.022759059444069862366
22	14	0.063895814120769500732
22	15	0.029635375365614891052
22	16	-0.0046250727027654647827
22	17	-0.038885511457920074463
22	18	0.08202978968620300293
22	19	0.047769345343112945557
22	20	0.01350889354944229126
22	21	0.034189086407423019409
22	22	0.26792693138122558594
22	23	-0.025644851848483085632
22	24	-0.018640598282217979431
22	31	-0.06116935238242149353
22	32	-0.0021413620561361312866
22	33	-0.029291220009326934814
23	21	0.1820338815450668335
23	22	-0.025644851848483085632
23	23	0.15294156968593597412
23	24	0.11789187043905258179
23	31	-0.12685611844062805176
23	32	-0.074492432177066802979
23	33	-0.050351463258266448975
24	21	0.13293325901031494141
24	22	-0.018640598282217979431
24	23	0.11789187043905258179
24	24	0.22845549881458282471
24	31	-0.12391495704650878906
24	32	-0.017737235873937606812
24	33	0.1043074876070022583
25	7	-0.14838194847106933594
25	8	-0.12088036537170410156
25	9	0.021302856504917144775
25	25	0.76824718713760375977
25	26	0.33107626438140869141
25	27	0.61011642217636108398
25	28	0.51708436012268066406
26	7	-0.15700058639049530029
26	8	-0.20359216630458831787
26	9	-0.07269147038459777832
26	25	0.33107626438140869141
26	26	0.4335397183895111084
26	27	0.30854314565658569336
26	28	0.17778505384922027588
27	7	-0.14228951930999755859
27	8	-0.12903778254985809326
27	9	-0.0039706900715827941895
27	25	0.61011642217636108398
27	26	0.30854314565658569336
27	27	0.54331874847412109375
27	28	0.47655659914016723633
28	7	-0.089299090206623077393
28	8	-0.034043986350297927856
28	9	0.046751797199249267578
28	25	0.51708436012268066406
28	26	0.17778505384922027588
28	27	0.47655659914016723633
28	28	0.52207762002944946289
29	29	0.12020438909530639648
30	30	0.19162310659885406494
31	21	-0.29989251494407653809
31	22	-0.06116935238242149353
31	23	-0.12685611844062805176
31	24	-0.12391495704650878906
31	31	0.48268833756446838379
31	32	0.086628377437591552734
31	33	0.06414718925952911377
32	21	-0.091262757778167724609
32	22	-0.0021413620561361312866
32	23	-0.074492432177066802979
32	24	-0.017737235873937606812
32	31	0.086628377437591552734
32	32	0.55480188131332397461
32	33	0.38299757242202758789
33	21	-0.10634656250476837158
33	22	-0.029291220009326934814
33	23	-0.050351463258266448975
33	24	0.1043074876070022583
33	31	0.06414718925952911377
33	32	0.38299757242202758789
33	33	0.49251738190650939941
34	34	0.12695530056953430176
34	35	0.088834419846534729004
34	36	0.11024708300828933716
35	34	0.088834419846534729004
35	35	0.13055534660816192627
35	36	0.081528626382350921631
36	34	0.11024708300828933716
36	35	0.081528626382350921631
36	36	0.20794369280338287354
37	37	0.20967049896717071533
37	38	0.20857675373554229736
37	39	0.20088282227516174316
37	40	0.20978912711143493652
37	41	0.090422481298446655273
37	42	0.10054107010364532471
37	43	0.10944736003875732422
37	44	0.11835376173257827759
38	37	0.20857675373554229736
38	38	0.24570748209953308105
38	39	0.23703660070896148682
38	40	0.26416736841201782227
38	41	0.075006008148193359375
38	42	0.13059657812118530273
38	43	0.15772734582424163818
38	44	0.18485820293426513672
39	37	0.20088282227516174316
39	38	0.23703660070896148682
39	39	0.2544237673282623291
39	40	0.28057760000228881836
39	41	0.06806538999080657959
39	42	0.14776012301445007324
39	43	0.18391394615173339844
39	44	0.22006781399250030518
40	37	0.20978912711143493652
40	38	0.26416736841201782227
40	39	0.28057760000228881836
40	40	0.34495592117309570312
40	41	0.052648901939392089844
40	42	0.17781564593315124512
40	43	0.23219397664070129395
40	44	0.28657227754592895508
41	37	0.090422481298446655273
41	38	0.075006008148193359375
41	39	0.06806538999080657959
41	40	0.052648901939392089844
41	41	0.1265656203031539917
41	42	0.078792050480842590332
41	43	0.063375562429428100586
41	44	0.047959096729755401611
42	37	0.10054107010364532471
42	38	0.13059657812118530273
42	39	0.14776012301445007324
42	40	0.17781564593315124512
42	41	0.078792050480842590332
42	42	0.16606660187244415283
42	43	0.18612211942672729492
42	44	0.21617755293846130371
43	37	0.10944736003875732422
43	38	0.15772734582424163818
43	39	0.18391394615173339844
43	40	0.23219397664070129395
43	41	0.063375562429428100586
43	42	0.18612211942672729492
43	43	0.24440214037895202637
43	44	0.28268200159072875977
44	37	0.11835376173257827759
44	38	0.18485820293426513672
44	39	0.22006781399250030518
44	40	0.28657227754592895508
44	41	0.047959096729755401611
44	42	0.21617755293846130371
44	43	0.28268200159072875977
44	44	0.35918635129928588867
45	45	0.20402275025844573975
45	46	0.017061563208699226379
45	47	0.16968102753162384033
45	48	-0.039841096848249435425
45	49	-0.037606086581945419312
45	50	0.18142636120319366455
45	51	-0.094515614211559295654
45	52	0.14447554945945739746
45	53	-0.028812173753976821899
45	54	0.12013387680053710938
45	55	0.052384160459041595459
45	56	0.091863431036472320557
45	57	-0.02923313528299331665
45	58	0.13591095805168151855
45	59	0.082764767110347747803
45	60	0.1141363978385925293
45	61	0.070586726069450378418
45	62	0.046245038509368896484
45	63	-0.045046340674161911011
45	64	0.037680447101593017578
46	45	0.017061563208699226379
46	46	0.18783974647521972656
46	47	0.024239476770162582397
46	48	0.16274307668209075928
46	49	0.089957475662231445312
46	50	0.02385892719030380249
46	51	0.074860326945781707764
46	52	-0.0084756594151258468628
46	53	-0.22064003348350524902
46	54	-0.0012976472498849034309
46	55	-0.032844766974449157715
46	56	0.0085975620895624160767
46	57	0.02431945502758026123
46	58	-0.012479811906814575195
46	59	-0.11766067147254943848
46	60	-0.0077776396647095680237
46	61	-0.02683481946587562561
46	62	-0.019656831398606300354
46	63	-0.11787010729312896729
46	64	-0.023661082610487937927
47	45	0.16968102753162384033
47	46	0.024239476770162582397
47	47	0.21516060829162597656
47	48	-0.059037063270807266235
47	49	-0.054999213665723800659
47	50	0.12256854027509689331
47	51	-0.13828146457672119141
47	52	0.059825059026479721069
47	53	-0.041023120284080505371
47	54	0.095304667949676513672
47	55	0.05771134793758392334
47	56	0.12937563657760620117
47	57	-0.0050002313219010829926
47	58	0.042695350944995880127
47	59	0.12149761617183685303
47	60	0.090987697243690490723
47	61	-0.014551252126693725586
47	62	0.020928345620632171631
47	63	-0.065893515944480895996
47	64	0.0037985965609550476074
48	45	-0.039841096848249435425
48	46	0.16274307668209075928
48	47	-0.059037063270807266235
48	48	0.22615940868854522705
48	49	0.13497695326805114746
48	50	0.0035473732277750968933
48	51	0.18839436769485473633
48	52	0.023156726732850074768
48	53	-0.19447863101959228516
48	54	0.00396083807572722435
48	55	-0.023474410176277160645
48	56	-0.011551151983439922333
48	57	0.031651522964239120483
48	58	0.033003881573677062988
48	59	-0.22012990713119506836
48	60	-0.01172114349901676178
48	61	0.066958658397197723389
48	62	0.047762755304574966431
48	63	-0.063847176730632781982
48	64	0.057609844952821731567
49	45	-0.037606086581945419312
49	46	0.089957475662231445312
49	47	-0.054999213665723800659
49	48	0.13497695326805114746
49	49	0.14296235144138336182
49	50	-0.0076846764422953128815
49	51	0.17798289656639099121
49	52	0.020852094516158103943
49	53	-0.080792553722858428955
49	54	0.0034590007271617650986
49	55	-0.011809961870312690735
49	56	-0.013436526991426944733
49	57	0.0036012525670230388641
49	58	0.029998356476426124573
49	59	-0.16881793737411499023
49	60	-0.010420821607112884521
49	61	0.061917155981063842773
49	62	0.044524077326059341431
49	63	-0.067596375942230224609
49	64	0.053670294582843780518
50	45	0.18142636120319366455
50	46	0.02385892719030380249
50	47	0.12256854027509689331
50	48	0.0035473732277750968933
50	49	-0.0076846764422953128815
50	50	0.21189047396183013916
50	51	-0.028002908453345298767
50	52	0.18927103281021118164
50	53	-0.03455753624439239502
50	54	0.13041324913501739502
50	55	0.063330739736557006836
50	56	0.069491811096668243408
50	57	-0.014148067682981491089
50	58	0.18932324647903442383
50	59	0.017304079607129096985
50	60	0.12989556789398193359
50	61	0.13825793564319610596
50	62	0.079400137066841125488
50	63	-0.022805308923125267029
50	64	0.079452350735664367676
51	45	-0.094515614211559295654
51	46	0.074860326945781707764
51	47	-0.13828146457672119141
51	48	0.18839436769485473633
51	49	0.17798289656639099121
51	50	-0.028002908453345298767
51	51	0.30151957273483276367
51	52	0.052478775382041931152
51	53	-0.054630324244499206543
51	54	0.0087129278108477592468
51	55	-0.0024416353553533554077
51	56	-0.033588495105504989624
51	57	0.010934392921626567841
51	58	0.075476557016372680664
51	59	-0.27128949761390686035
51	60	-0.014368585310876369476
51	61	0.15570722520351409912
51	62	0.11194141209125518799
51	63	-0.013572178781032562256
51	64	0.13493917882442474365
52	45	0.14447554945945739746
52	46	-0.0084756594151258468628
52	47	0.059825059026479721069
52	48	0.023156726732850074768
52	49	0.020852094516158103943
52	50	0.18927103281021118164
52	51	0.052478775382041931152
52	52	0.23358137905597686768
52	53	0.014436612837016582489
52	54	0.13893087208271026611
52	55	0.060702491551637649536
52	56	0.049861259758472442627
52	57	-0.035921171307563781738
52	58	0.23468747735023498535
52	59	-0.046518012881278991699
52	60	0.12207007408142089844
52	61	0.218036651611328125
52	62	0.13338616490364074707
52	63	0.024995429441332817078
52	64	0.14449232816696166992
53	45	-0.028812173753976821899
53	46	-0.22064003348350524902
53	47	-0.041023120284080505371
53	48	-0.19447863101959228516
53	49	-0.080792553722858428955
53	50	-0.03455753624439239502
53	51	-0.054630324244499206543
53	52	0.014436612837016582489
53	53	0.29807913303375244141
53	54	0.0022255503572523593903
53	55	0.041287846863269805908
53	56	-0.014205690473318099976
53	57	-0.037818979471921920776
53	58	0.021216774359345436096
53	59	0.12206950783729553223
53	60	0.0075839692726731300354
53	61	0.045474261045455932617
53	62	0.033263236284255981445
53	63	0.1281477510929107666
53	64	0.040043521672487258911
54	45	0.12013387680053710938
54	46	-0.0012976472498849034309
54	47	0.095304667949676513672
54	48	0.00396083807572722435
54	49	0.0034590007271617650986
54	50	0.13041324913501739502
54	51	0.0087129278108477592468
54	52	0.13893087208271026611
54	53	0.0022255503572523593903
54	54	0.12410166114568710327
54	55	0.066029652953147888184
54	56	0.087373465299606323242
54	57	-0.011688259430229663849
54	58	0.14147186279296875
54	59	-0.0077851889654994010925
54	60	0.098921373486518859863
54	61	0.1328986436128616333
54	62	0.1080694347620010376
54	63	0.0041481852531433105469
54	64	0.11061045527458190918
55	45	0.052384160459041595459
55	46	-0.032844766974449157715
55	47	0.05771134793758392334
55	48	-0.023474410176277160645
55	49	-0.011809961870312690735
55	50	0.063330739736557006836
55	51	-0.0024416353553533554077
55	52	0.060702491551637649536
55	53	0.041287846863269805908
55	54	0.066029652953147888184
55	55	0.11829891055822372437
55	56	0.07945000380277633667
55	57	0.075489789247512817383
55	58	0.062166143208742141724
55	59	0.010884629562497138977
55	60	0.094039700925350189209
55	61	0.074347972869873046875
55	62	0.079675145447254180908
55	63	0.026398129761219024658
55	64	0.081138826906681060791
56	45	0.091863431036472320557
56	46	0.0085975620895624160767
56	47	0.12937563657760620117
56	48	-0.011551151983439922333
56	49	-0.013436526991426944733
56	50	0.069491811096668243408
56	51	-0.033588495105504989624
56	52	0.049861259758472442627
56	53	-0.014205690473318099976
56	54	0.087373465299606323242
56	55	0.07945000380277633667
56	56	0.13713215291500091553
56	57	0.026926070451736450195
56	58	0.043809782713651657104
56	59	0.027980225160717964172
56	60	0.079776868224143981934
56	61	0.04537130892276763916
56	62	0.082883507013320922852
56	63	-0.016049260273575782776
56	64	0.07683201134204864502
57	45	-0.02923313528299331665
57	46	0.02431945502758026123
57	47	-0.0050002313219010829926
57	48	0.031651522964239120483
57	49	0.0036012525670230388641
57	50	-0.014148067682981491089
57	51	0.010934392921626567841
57	52	-0.035921171307563781738
57	53	-0.037818979471921920776
57	54	-0.011688259430229663849
57	55	0.075489789247512817383
57	56	0.026926070451736450195
57	57	0.1376514136791229248
57	58	-0.036505114287137985229
57	59	-0.024433905258774757385
57	60	0.039649277925491333008
57	61	-0.018376290798187255859
57	62	0.0058566173538565635681
57	63	0.0047842254862189292908
57	64	0.0052726631984114646912
58	45	0.13591095805168151855
58	46	-0.012479811906814575195
58	47	0.042695350944995880127
58	48	0.033003881573677062988
58	49	0.029998356476426124573
58	50	0.18932324647903442383
58	51	0.075476557016372680664
58	52	0.23468747735023498535
58	53	0.021216774359345436096
58	54	0.14147186279296875
58	55	0.062166143208742141724
58	56	0.043809782713651657104
58	57	-0.036505114287137985229
58	58	0.25881481170654296875
58	59	-0.066739775240421295166
58	60	0.12287914752960205078
58	61	0.24024833738803863525
58	62	0.14703273773193359375
58	63	0.035953801125288009644
58	64	0.16116012632846832275
59	45	0.082764767110347747803
59	46	-0.11766067147254943848
59	47	0.12149761617183685303
59	48	-0.22012990713119506836
59	49	-0.16881793737411499023
59	50	0.017304079607129096985
59	51	-0.27128949761390686035
59	52	-0.046518012881278991699
59	53	0.12206950783729553223
59	54	-0.0077851889654994010925
59	55	0.010884629562497138977
59	56	0.027980225160717964172
59	57	-0.024433905258774757385
59	58	-0.066739775240421295166
59	59	0.28569826483726501465
59	60	0.01417476218193769455
59	61	-0.13706791400909423828
59	62	-0.0983351096510887146
59	63	0.023849852383136749268
59	64	-0.11855684220790863037
60	45	0.1141363978385925293
60	46	-0.0077776396647095680237
60	47	0.090987697243690490723
60	48	-0.01172114349901676178
60	49	-0.010420821607112884521
60	50	0.12989556789398193359
60	51	-0.014368585310876369476
60	52	0.12207007408142089844
60	53	0.0075839692726731300354
60	54	0.098921373486518859863
60	55	0.094039700925350189209
60	56	0.079776868224143981934
60	57	0.039649277925491333008
60	58	0.12287914752960205078
60	59	0.01417476218193769455
60	60	0.12570209801197052002
60	61	0.10685503482818603516
60	62	0.083706356585025787354
60	63	0.0047812787815928459167
60	64	0.084515444934368133545
61	45	0.070586726069450378418
61	46	-0.02683481946587562561
61	47	-0.014551252126693725586
61	48	0.066958658397197723389
61	49	0.061917155981063842773
61	50	0.13825793564319610596
61	51	0.15570722520351409912
61	52	0.218036651611328125
61	53	0.045474261045455932617
61	54	0.1328986436128616333
61	55	0.074347972869873046875
61	56	0.04537130892276763916
61	57	-0.018376290798187255859
61	58	0.24024833738803863525
61	59	-0.13706791400909423828
61	60	0.10685503482818603516
61	61	0.29034847021102905273
61	62	0.19521051645278930664
61	63	0.074189901351928710938
61	64	0.21742226183414459229
62	45	0.046245038509368896484
62	46	-0.019656831398606300354
62	47	0.020928345620632171631
62	48	0.047762755304574966431
62	49	0.044524077326059341431
62	50	0.079400137066841125488
62	51	0.11194141209125518799
62	52	0.13338616490364074707
62	53	0.033263236284255981445
62	54	0.1080694347620010376
62	55	0.079675145447254180908
62	56	0.082883507013320922852
62	57	0.0058566173538565635681
62	58	0.14703273773193359375
62	59	-0.0983351096510887146
62	60	0.083706356585025787354
62	61	0.19521051645278930664
62	62	0.1798938065767288208
62	63	0.053342666476964950562
62	64	0.18354041874408721924
63	45	-0.045046340674161911011
63	46	-0.11787010729312896729
63	47	-0.065893515944480895996
63	48	-0.063847176730632781982
63	49	-0.067596375942230224609
63	50	-0.022805308923125267029
63	51	-0.013572178781032562256
63	52	0.024995429441332817078
63	53	0.1281477510929107666
63	54	0.0041481852531433105469
63	55	0.026398129761219024658
63	56	-0.016049260273575782776
63	57	0.0047842254862189292908
63	58	0.035953801125288009644
63	59	0.023849852383136749268
63	60	0.0047812787815928459167
63	61	0.074189901351928710938
63	62	0.053342666476964950562
63	63	0.15592627227306365967
63	64	0.064301118254661560059
64	45	0.037680447101593017578
64	46	-0.023661082610487937927
64	47	0.0037985965609550476074
64	48	0.057609844952821731567
64	49	0.053670294582843780518
64	50	0.079452350735664367676
64	51	0.13493917882442474365
64	52	0.14449232816696166992
64	53	0.040043521672487258911
64	54	0.11061045527458190918
64	55	0.081138826906681060791
64	56	0.07683201134204864502
64	57	0.0052726631984114646912
64	58	0.16116012632846832275
64	59	-0.11855684220790863037
64	60	0.084515444934368133545
64	61	0.21742226183414459229
64	62	0.18354041874408721924
64	63	0.064301118254661560059
64	64	0.21020828187465667725
65	65	0.11924903839826583862
q	0	-1.6006621122360229492
q	1	-0.95207446813583374023
q	2	0.2074317634105682373
q	3	0.24459415674209594727
q	4	0.52901017665863037109
q	5	0.62503898143768310547
q	6	-0.08113880455493927002
q	7	-0.30348742008209228516
q	8	-0.83106368780136108398
q	9	-0.38397517800331115723
q	10	-0.44024014472961425781
q	11	-0.1599470674991607666
q	12	-0.41555291414260864258
q	13	-0.42445591092109680176
q	14	-0.25460109114646911621
q	15	-0.26350390911102294922
q	16	-0.27240675687789916992
q	17	-0.28130957484245300293
q	18	-0.10255204886198043823
q	19	-0.11145486682653427124
q	20	-0.12035769224166870117
q	21	-0.6089611053466796875
q	22	0.36857569217681884766
q	23	-0.39583760499954223633
q	24	-0.19813023507595062256
q	25	-1.0529190301895141602
q	26	-3.6298625469207763672
q	27	0.87273234128952026367
q	28	-4.9101018905639648438
q	29	-2.4502038955688476562
q	30	-2.6429674625396728516
q	31	0.91522097587585449219
q	32	-1.018585205078125
q	33	-0.38263750076293945312
q	34	-0.54320961236953735352
q	35	-0.60577428340911865234
q	36	0.049256104975938796997
q	37	-4.76023101806640625
q	38	1.5780164003372192383
q	39	-7.924968719482421875
q	40	-1.5867224931716918945
q	41	-7.0550212860107421875
q	42	-3.8815119266510009766
q	43	2.4567348957061767578
q	44	8.7949686050415039062
q	45	-4.5660376548767089844
q	46	-0.50759458541870117188
q	47	-3.6049151420593261719
q	48	-1.6427686214447021484
q	49	2.5530073642730712891
q	50	13.460455894470214844
q	51	1.4181021451950073242
q	52	-6.2468142509460449219
q	53	-2.1083290576934814453
q	54	-5.2856907844543457031
q	55	3.9987561702728271484
q	56	-4.1784143447875976562
q	57	-2.3157393932342529297
q	58	0.96377128362655639648
q	59	-4.0340204238891601562
q	60	18.082782745361328125
q	61	-6.9664745330810546875
q	62	-6.005352020263671875
q	63	-0.29028972983360290527
q	64	1.2052370309829711914
q	65	12.574201583862304688
num elements: 710
generating sample matrix END


iteration: 234


iteration: 235


iteration: 236


iteration: 237


iteration: 238


iteration: 239


iteration: 240


iteration: 241


iteration: 242


iteration: 243


iteration: 244


iteration: 245


iteration: 246


iteration: 247


iteration: 248


iteration: 249


iteration: 250


iteration: 251


iteration: 252


iteration: 253


iteration: 254


iteration: 255


iteration: 256


iteration: 257


iteration: 258


iteration: 259


iteration: 260


iteration: 261


iteration: 262


iteration: 263


iteration: 264


iteration: 265


iteration: 266


iteration: 267


iteration: 268


iteration: 269


iteration: 270


iteration: 271


iteration: 272


iteration: 273


iteration: 274


iteration: 275

