2022-06-27 06:20:52.794440+0200 HaradaExperiment[2073:230594] Metal GPU Frame Capture Enabled
2022-06-27 06:20:52.794726+0200 HaradaExperiment[2073:230594] Metal API Validation Enabled
loaded: duck-color from asset catalog
loaded: duck-color from asset catalog


iteration: 0


iteration: 1


iteration: 2


iteration: 3


iteration: 4


iteration: 5


iteration: 6


iteration: 7


iteration: 8


iteration: 9


iteration: 10


iteration: 11


iteration: 12


iteration: 13


iteration: 14


iteration: 15


iteration: 16


iteration: 17


iteration: 18


iteration: 19


iteration: 20


iteration: 21


iteration: 22


iteration: 23


iteration: 24


iteration: 25


iteration: 26


iteration: 27


iteration: 28


iteration: 29


iteration: 30


iteration: 31


iteration: 32


iteration: 33


iteration: 34


iteration: 35


iteration: 36


iteration: 37


iteration: 38


iteration: 39


iteration: 40


iteration: 41


iteration: 42


iteration: 43


iteration: 44


iteration: 45


iteration: 46


iteration: 47


iteration: 48


iteration: 49


iteration: 50


iteration: 51


iteration: 52


iteration: 53


iteration: 54


iteration: 55


iteration: 56


iteration: 57


iteration: 58


iteration: 59


iteration: 60


iteration: 61


iteration: 62


iteration: 63


iteration: 64


iteration: 65


iteration: 66


iteration: 67


iteration: 68


iteration: 69


iteration: 70


iteration: 71


iteration: 72


iteration: 73


iteration: 74


iteration: 75


iteration: 76


iteration: 77


iteration: 78


iteration: 79


iteration: 80


iteration: 81


iteration: 82


iteration: 83


iteration: 84


iteration: 85


iteration: 86


iteration: 87


iteration: 88


iteration: 89


iteration: 90


iteration: 91


iteration: 92


iteration: 93


iteration: 94


iteration: 95


iteration: 96


iteration: 97


iteration: 98


iteration: 99


iteration: 100


iteration: 101


iteration: 102


iteration: 103


iteration: 104


iteration: 105


iteration: 106


iteration: 107


iteration: 108


iteration: 109


iteration: 110


iteration: 111


iteration: 112


iteration: 113


iteration: 114


iteration: 115


iteration: 116


iteration: 117


iteration: 118


iteration: 119


iteration: 120


iteration: 121


iteration: 122


iteration: 123


iteration: 124


iteration: 125


iteration: 126


iteration: 127


iteration: 128


iteration: 129


iteration: 130


iteration: 131


iteration: 132


iteration: 133


iteration: 134


iteration: 135


iteration: 136


iteration: 137


iteration: 138


iteration: 139


iteration: 140


iteration: 141


iteration: 142


iteration: 143


iteration: 144


iteration: 145


iteration: 146


iteration: 147


iteration: 148


iteration: 149


iteration: 150


iteration: 151


iteration: 152


iteration: 153


iteration: 154


iteration: 155


iteration: 156


iteration: 157


iteration: 158


iteration: 159


iteration: 160


iteration: 161


iteration: 162


iteration: 163


iteration: 164


iteration: 165


iteration: 166


iteration: 167


iteration: 168


iteration: 169


iteration: 170


iteration: 171


iteration: 172


iteration: 173


iteration: 174


iteration: 175


iteration: 176


iteration: 177


iteration: 178


iteration: 179


iteration: 180


iteration: 181


iteration: 182


iteration: 183


iteration: 184


iteration: 185


iteration: 186


iteration: 187


iteration: 188


iteration: 189


iteration: 190


iteration: 191


iteration: 192


iteration: 193


iteration: 194


iteration: 195


iteration: 196


iteration: 197


iteration: 198


iteration: 199


iteration: 200


iteration: 201


iteration: 202


iteration: 203


iteration: 204


iteration: 205


iteration: 206


iteration: 207


iteration: 208


iteration: 209


iteration: 210


iteration: 211


iteration: 212


iteration: 213


iteration: 214


iteration: 215


iteration: 216


iteration: 217


iteration: 218


iteration: 219


iteration: 220


iteration: 221


iteration: 222


iteration: 223


iteration: 224


iteration: 225


iteration: 226


iteration: 227


iteration: 228


iteration: 229


iteration: 230


iteration: 231


iteration: 232


iteration: 233


iteration: 234


iteration: 235


iteration: 236


iteration: 237


iteration: 238


iteration: 239


iteration: 240


iteration: 241


iteration: 242


iteration: 243


iteration: 244


iteration: 245


iteration: 246


iteration: 247


iteration: 248


iteration: 249


iteration: 250


iteration: 251


iteration: 252


iteration: 253


iteration: 254


iteration: 255


iteration: 256


iteration: 257


iteration: 258


iteration: 259


iteration: 260


iteration: 261


iteration: 262


iteration: 263


iteration: 264


iteration: 265


iteration: 266


iteration: 267


iteration: 268


iteration: 269


iteration: 270


iteration: 271


iteration: 272


iteration: 273


iteration: 274


iteration: 275


iteration: 276


iteration: 277


iteration: 278


iteration: 279


iteration: 280


iteration: 281


iteration: 282


iteration: 283


iteration: 284


iteration: 285


iteration: 286


iteration: 287


iteration: 288


iteration: 289


iteration: 290


iteration: 291


iteration: 292


iteration: 293


iteration: 294


iteration: 295


iteration: 296


iteration: 297


iteration: 298


iteration: 299


iteration: 300


iteration: 301


iteration: 302


iteration: 303


iteration: 304


iteration: 305


iteration: 306


iteration: 307


iteration: 308


iteration: 309


iteration: 310


iteration: 311


iteration: 312


iteration: 313


iteration: 314


iteration: 315


iteration: 316


iteration: 317


iteration: 318


iteration: 319


iteration: 320


iteration: 321


iteration: 322


iteration: 323


iteration: 324


iteration: 325


iteration: 326


iteration: 327


iteration: 328


iteration: 329


iteration: 330


iteration: 331


iteration: 332


iteration: 333


iteration: 334


iteration: 335


iteration: 336


iteration: 337


iteration: 338


iteration: 339


iteration: 340


iteration: 341


iteration: 342


iteration: 343


iteration: 344


iteration: 345


iteration: 346


iteration: 347


iteration: 348


iteration: 349
generating sample matrix BEGIN
0	0	0.24394671618938446045
0	1	0.11458344757556915283
0	32	-0.014557432383298873901
0	33	0.014557432383298873901
0	34	-0.13162381947040557861
0	35	0.13162381947040557861
0	36	0.1170663982629776001
0	37	-0.1170663982629776001
0	38	-0.0083932606503367424011
0	39	0.0083932606503367424011
0	40	-0.12529215216636657715
0	41	0.12529215216636657715
0	42	0.11689889430999755859
0	43	-0.11689889430999755859
1	0	0.11458344757556915283
1	1	0.23392607271671295166
1	32	-0.19605606794357299805
1	33	0.19605606794357299805
1	34	-0.10410495102405548096
1	35	0.10410495102405548096
1	36	-0.09195111691951751709
1	37	0.09195111691951751709
1	38	-0.17821502685546875
1	39	0.17821502685546875
1	40	-0.082723744213581085205
1	41	0.082723744213581085205
1	42	-0.095491290092468261719
1	43	0.095491290092468261719
2	2	0.32127678394317626953
2	3	0.22149251401424407959
2	4	0.13170789182186126709
2	5	0.23746633529663085938
2	6	0.14768175780773162842
2	44	-0.1033034399151802063
2	45	0.1033034399151802063
2	46	0.0068981982767581939697
2	47	-0.0068981982767581939697
2	48	-0.11020164191722869873
2	49	0.11020164191722869873
2	50	-0.10087271034717559814
2	51	0.10087271034717559814
2	52	0.022478003054857254028
2	53	-0.022478003054857254028
2	54	-0.12335070967674255371
2	55	0.12335070967674255371
2	56	-0.098441906273365020752
2	57	0.098441906273365020752
2	58	0.038057804107666015625
2	59	-0.038057804107666015625
2	60	-0.1364997178316116333
2	61	0.1364997178316116333
2	62	-0.086586959660053253174
2	63	0.086586959660053253174
2	64	0.013226293027400970459
2	65	-0.013226293027400970459
2	66	-0.099813260138034820557
2	67	0.099813260138034820557
2	68	-0.08415628969669342041
2	69	0.08415628969669342041
2	70	0.028806168586015701294
2	71	-0.028806168586015701294
2	72	-0.11296245455741882324
2	73	0.11296245455741882324
3	2	0.22149251401424407959
3	3	0.20175443589687347412
3	4	0.16201627254486083984
3	5	0.14768309891223907471
3	6	0.11794495582580566406
3	44	-0.040515758097171783447
3	45	0.040515758097171783447
3	46	0.030721452087163925171
3	47	-0.030721452087163925171
3	48	-0.071237206459045410156
3	49	0.071237206459045410156
3	50	-0.038164414465427398682
3	51	0.038164414465427398682
3	52	0.046267755329608917236
3	53	-0.046267755329608917236
3	54	-0.084432169795036315918
3	55	0.084432169795036315918
3	56	-0.035813052207231521606
3	57	0.035813052207231521606
3	58	0.061814039945602416992
3	59	-0.061814039945602416992
3	60	-0.097627103328704833984
3	61	0.097627103328704833984
3	62	-0.023815535008907318115
3	63	0.023815535008907318115
3	64	0.037043381482362747192
3	65	-0.037043381482362747192
3	66	-0.06085892021656036377
3	67	0.06085892021656036377
3	68	-0.021464206278324127197
3	69	0.021464206278324127197
3	70	0.052589770406484603882
3	71	-0.052589770406484603882
3	72	-0.074053980410099029541
3	73	0.074053980410099029541
4	2	0.13170789182186126709
4	3	0.16201627254486083984
4	4	0.20232483744621276855
4	5	0.057899501174688339233
4	6	0.088208034634590148926
4	44	0.022272182628512382507
4	45	-0.022272182628512382507
4	46	0.054544828832149505615
4	47	-0.054544828832149505615
4	48	-0.032272644340991973877
4	49	0.032272644340991973877
4	50	0.024544138461351394653
4	51	-0.024544138461351394653
4	52	0.070057630538940429688
4	53	-0.070057630538940429688
4	54	-0.045513495802879333496
4	55	0.045513495802879333496
4	56	0.026816049590706825256
4	57	-0.026816049590706825256
4	58	0.085570402443408966064
4	59	-0.085570402443408966064
4	60	-0.058754362165927886963
4	61	0.058754362165927886963
4	62	0.038956150412559509277
4	63	-0.038956150412559509277
4	64	0.060860581696033477783
4	65	-0.060860581696033477783
4	66	-0.021904440596699714661
4	67	0.021904440596699714661
4	68	0.041228134185075759888
4	69	-0.041228134185075759888
4	70	0.076373502612113952637
4	71	-0.076373502612113952637
4	72	-0.035145368427038192749
4	73	0.035145368427038192749
5	2	0.23746633529663085938
5	3	0.14768309891223907471
5	4	0.057899501174688339233
5	5	0.24747034907341003418
5	6	0.14768679440021514893
5	44	-0.093881644308567047119
5	45	0.093881644308567047119
5	46	-0.035624589771032333374
5	47	0.035624589771032333374
5	48	-0.058257050812244415283
5	49	0.058257050812244415283
5	50	-0.093763120472431182861
5	51	0.093763120472431182861
5	52	-0.035575684159994125366
5	53	0.035575684159994125366
5	54	-0.058187440037727355957
5	55	0.058187440037727355957
5	56	-0.093644507229328155518
5	57	0.093644507229328155518
5	58	-0.035526741296052932739
5	59	0.035526741296052932739
5	60	-0.058117765933275222778
5	61	0.058117765933275222778
5	62	-0.093858614563941955566
5	63	0.093858614563941955566
5	64	-0.035615853965282440186
5	65	0.035615853965282440186
5	66	-0.058242760598659515381
5	67	0.058242760598659515381
5	68	-0.093740150332450866699
5	69	0.093740150332450866699
5	70	-0.035566970705986022949
5	71	0.035566970705986022949
5	72	-0.058173183351755142212
5	73	0.058173183351755142212
6	2	0.14768175780773162842
6	3	0.11794495582580566406
6	4	0.088208034634590148926
6	5	0.14768679440021514893
6	6	0.12794989347457885742
6	44	-0.031093746423721313477
6	45	0.031093746423721313477
6	46	-0.011801235377788543701
6	47	0.011801235377788543701
6	48	-0.019292511045932769775
6	49	0.019292511045932769775
6	50	-0.031054606661200523376
6	51	0.031054606661200523376
6	52	-0.011785816401243209839
6	53	0.011785816401243209839
6	54	-0.019268790259957313538
6	55	0.019268790259957313538
6	56	-0.03101543523371219635
6	57	0.03101543523371219635
6	58	-0.011770386248826980591
6	59	0.011770386248826980591
6	60	-0.01924505084753036499
6	61	0.01924505084753036499
6	62	-0.031086957082152366638
6	63	0.031086957082152366638
6	64	-0.011798658408224582672
6	65	0.011798658408224582672
6	66	-0.019288297742605209351
6	67	0.019288297742605209351
6	68	-0.031047837808728218079
6	69	0.031047837808728218079
6	70	-0.011783247813582420349
6	71	0.011783247813582420349
6	72	-0.019264589995145797729
6	73	0.019264589995145797729
7	7	0.14161233603954315186
7	8	0.093385905027389526367
7	74	-0.065097935497760772705
7	75	0.065097935497760772705
7	76	-0.046292901039123535156
7	77	0.046292901039123535156
7	78	-0.018805034458637237549
7	79	0.018805034458637237549
7	80	-0.065317422151565551758
7	81	0.065317422151565551758
7	82	-0.046245273202657699585
7	83	0.046245273202657699585
7	84	-0.019072148948907852173
7	85	0.019072148948907852173
8	7	0.093385905027389526367
8	8	0.25891068577766418457
8	74	0.00062654656358063220978
8	75	-0.00062654656358063220978
8	76	0.17252808809280395508
8	77	-0.17252808809280395508
8	78	-0.17190155386924743652
8	79	0.17190155386924743652
8	80	0.021807074546813964844
8	81	-0.021807074546813964844
8	82	0.17419213056564331055
8	83	-0.17419213056564331055
8	84	-0.15238504111766815186
8	85	0.15238504111766815186
9	9	0.25805541872978210449
9	10	0.092866718769073486328
9	11	0.042588308453559875488
9	86	-0.17594595253467559814
9	87	0.17594595253467559814
9	88	-0.026336558163166046143
9	89	0.026336558163166046143
9	90	-0.14960940182209014893
9	91	0.14960940182209014893
9	92	-0.17447434365749359131
9	93	0.17447434365749359131
9	94	-0.0055674538016319274902
9	95	0.0055674538016319274902
9	96	-0.16890689730644226074
9	97	0.16890689730644226074
9	98	-0.15767343342304229736
9	99	0.15767343342304229736
9	100	0.0018115788698196411133
9	101	-0.0018115788698196411133
9	102	-0.15948501229286193848
9	103	0.15948501229286193848
10	9	0.092866718769073486328
10	10	0.1415637284517288208
10	11	0.098200529813766479492
10	86	0.045707087963819503784
10	87	-0.045707087963819503784
10	88	0.065807856619358062744
10	89	-0.065807856619358062744
10	90	-0.020100770518183708191
10	91	0.020100770518183708191
10	92	0.045651983469724655151
10	93	-0.045651983469724655151
10	94	0.065374672412872314453
10	95	-0.065374672412872314453
10	96	-0.019722690805792808533
10	97	0.019722690805792808533
10	98	0.045232437551021575928
10	99	-0.045232437551021575928
10	100	0.065076664090156555176
10	101	-0.065076664090156555176
10	102	-0.019844224676489830017
10	103	0.019844224676489830017
11	9	0.042588308453559875488
11	10	0.098200529813766479492
11	11	0.14178185164928436279
11	86	0.062428690493106842041
11	87	-0.062428690493106842041
11	88	-0.010649632662534713745
11	89	0.010649632662534713745
11	90	0.073078319430351257324
11	91	-0.073078319430351257324
11	92	0.061795599758625030518
11	93	-0.061795599758625030518
11	94	-0.019701454788446426392
11	95	0.019701454788446426392
11	96	0.081497058272361755371
11	97	-0.081497058272361755371
11	98	0.054496672004461288452
11	99	-0.054496672004461288452
11	100	-0.022868605330586433411
11	101	0.022868605330586433411
11	102	0.07736527174711227417
11	103	-0.07736527174711227417
12	12	0.24810542166233062744
12	13	0.2379840463399887085
12	14	0.14798834919929504395
12	15	0.057992510497570037842
12	104	-0.039699275046586990356
12	105	0.039699275046586990356
12	106	-0.093780905008316040039
12	107	0.093780905008316040039
12	108	0.054081626236438751221
12	109	-0.054081626236438751221
12	110	-0.040139324963092803955
12	111	0.040139324963092803955
12	112	-0.094807952642440795898
12	113	0.094807952642440795898
12	114	0.054668623954057693481
12	115	-0.054668623954057693481
12	116	-0.040637254714965820312
12	117	0.040637254714965820312
12	118	-0.095276027917861938477
12	119	0.095276027917861938477
12	120	0.054638780653476715088
12	121	-0.054638780653476715088
12	122	-0.041135206818580627441
12	123	0.041135206818580627441
12	124	-0.095744185149669647217
12	125	0.095744185149669647217
12	126	0.054608970880508422852
12	127	-0.054608970880508422852
13	12	0.2379840463399887085
13	13	0.32188367843627929688
13	14	0.22175779938697814941
13	15	0.13163155317306518555
13	104	-0.086691036820411682129
13	105	0.086691036820411682129
13	106	-0.098073191940784454346
13	107	0.098073191940784454346
13	108	0.011382158845663070679
13	109	-0.011382158845663070679
13	110	-0.09491519629955291748
13	111	0.09491519629955291748
13	112	-0.11608870327472686768
13	113	0.11608870327472686768
13	114	0.021173506975173950195
13	115	-0.021173506975173950195
13	116	-0.11110552400350570679
13	117	0.11110552400350570679
13	118	-0.11797043681144714355
13	119	0.11797043681144714355
13	120	0.0068649202585220336914
13	121	-0.0068649202585220336914
13	122	-0.12729594111442565918
13	123	0.12729594111442565918
13	124	-0.11985220015048980713
13	125	0.11985220015048980713
13	126	-0.007443733513355255127
13	127	0.007443733513355255127
14	12	0.14798834919929504395
14	13	0.22175779938697814941
14	14	0.201679229736328125
14	15	0.16160035133361816406
14	104	-0.060068842023611068726
14	105	0.060068842023611068726
14	106	-0.035488463938236236572
14	107	0.035488463938236236572
14	108	-0.024580378085374832153
14	109	0.024580378085374832153
14	110	-0.067977190017700195312
14	111	0.067977190017700195312
14	112	-0.052770253270864486694
14	113	0.052770253270864486694
14	114	-0.01520694047212600708
14	115	0.01520694047212600708
14	116	-0.08379052579402923584
14	117	0.08379052579402923584
14	118	-0.054335646331310272217
14	119	0.054335646331310272217
14	120	-0.029454883188009262085
14	121	0.029454883188009262085
14	122	-0.099603921175003051758
14	123	0.099603921175003051758
14	124	-0.055901013314723968506
14	125	0.055901013314723968506
14	126	-0.043702911585569381714
14	127	0.043702911585569381714
15	12	0.057992510497570037842
15	13	0.13163155317306518555
15	14	0.16160035133361816406
15	15	0.20156897604465484619
15	104	-0.033446446061134338379
15	105	0.033446446061134338379
15	106	0.027096379548311233521
15	107	-0.027096379548311233521
15	108	-0.060542825609445571899
15	109	0.060542825609445571899
15	110	-0.041038952767848968506
15	111	0.041038952767848968506
15	112	0.010548375546932220459
15	113	-0.010548375546932220459
15	114	-0.051587324589490890503
15	115	0.051587324589490890503
15	116	-0.056475248187780380249
15	117	0.056475248187780380249
15	118	0.0092993322759866714478
15	119	-0.0092993322759866714478
15	120	-0.065774582326412200928
15	121	0.065774582326412200928
15	122	-0.071911580860614776611
15	123	0.071911580860614776611
15	124	0.0080503616482019424438
15	125	-0.0080503616482019424438
15	126	-0.079961940646171569824
15	127	0.079961940646171569824
16	16	0.20262679457664489746
16	17	0.16277262568473815918
16	18	0.14823642373085021973
16	19	0.11838255822658538818
16	20	0.088528424501419067383
16	21	0.058674290776252746582
16	22	0.073992162942886352539
16	23	0.044138025492429733276
16	24	0.014283888041973114014
16	128	0.083712726831436157227
16	129	-0.083712726831436157227
16	130	0.033697314560413360596
16	131	-0.033697314560413360596
16	132	0.050015412271022796631
16	133	-0.050015412271022796631
16	134	0.099037565290927886963
16	135	-0.099037565290927886963
16	136	0.048402626067399978638
16	137	-0.048402626067399978638
16	138	0.050634939223527908325
16	139	-0.050634939223527908325
16	140	0.06080662459135055542
16	141	-0.06080662459135055542
16	142	0.028157144784927368164
16	143	-0.028157144784927368164
16	144	0.032649479806423187256
16	145	-0.032649479806423187256
16	146	0.076131515204906463623
16	147	-0.076131515204906463623
16	148	0.042862437665462493896
16	149	-0.042862437665462493896
16	150	0.033269077539443969727
16	151	-0.033269077539443969727
16	152	0.091456383466720581055
16	153	-0.091456383466720581055
16	154	0.057567760348320007324
16	155	-0.057567760348320007324
16	156	0.03388862311840057373
16	157	-0.03388862311840057373
16	158	0.10678124427795410156
16	159	-0.10678124427795410156
16	160	0.072273090481758117676
16	161	-0.072273090481758117676
16	162	0.034508161246776580811
16	163	-0.034508161246776580811
16	164	0.053225554525852203369
16	165	-0.053225554525852203369
16	166	0.037322357296943664551
16	167	-0.037322357296943664551
16	168	0.015903197228908538818
16	169	-0.015903197228908538818
16	170	0.068550437688827514648
16	171	-0.068550437688827514648
16	172	0.052027687430381774902
16	173	-0.052027687430381774902
16	174	0.016522742807865142822
16	175	-0.016522742807865142822
16	176	0.083875291049480438232
16	177	-0.083875291049480438232
16	178	0.06673301011323928833
16	179	-0.06673301011323928833
16	180	0.017142279073596000671
16	181	-0.017142279073596000671
17	16	0.16277262568473815918
17	17	0.20296478271484375
17	18	0.058228351175785064697
17	19	0.08842067420482635498
17	20	0.11861293017864227295
17	21	0.14880518615245819092
17	22	-0.016123637557029724121
17	23	0.014068618416786193848
17	24	0.044260878115892410278
17	128	0.053913488984107971191
17	129	-0.053913488984107971191
17	130	0.066366046667098999023
17	131	-0.066366046667098999023
17	132	-0.01245255395770072937
17	133	0.01245255395770072937
17	134	0.069287560880184173584
17	135	-0.069287560880184173584
17	136	0.081433460116386413574
17	137	-0.081433460116386413574
17	138	-0.012145906686782836914
17	139	0.012145906686782836914
17	140	0.030668631196022033691
17	141	-0.030668631196022033691
17	142	0.06078243255615234375
17	143	-0.06078243255615234375
17	144	-0.030113799497485160828
17	145	0.030113799497485160828
17	146	0.046042732894420623779
17	147	-0.046042732894420623779
17	148	0.075849860906600952148
17	149	-0.075849860906600952148
17	150	-0.029807120561599731445
17	151	0.029807120561599731445
17	152	0.061416842043399810791
17	153	-0.061416842043399810791
17	154	0.090917296707630157471
17	155	-0.090917296707630157471
17	156	-0.02950045466423034668
17	157	0.02950045466423034668
17	158	0.076790936291217803955
17	159	-0.076790936291217803955
17	160	0.10598472505807876587
17	161	-0.10598472505807876587
17	162	-0.029193792492151260376
17	163	0.029193792492151260376
17	164	0.022797971963882446289
17	165	-0.022797971963882446289
17	166	0.070266395807266235352
17	167	-0.070266395807266235352
17	168	-0.047468423843383789062
17	169	0.047468423843383789062
17	170	0.038172081112861633301
17	171	-0.038172081112861633301
17	172	0.085333839058876037598
17	173	-0.085333839058876037598
17	174	-0.047161765396595001221
17	175	0.047161765396595001221
17	176	0.053546171635389328003
17	177	-0.053546171635389328003
17	178	0.100401267409324646
17	179	-0.100401267409324646
17	180	-0.046855099499225616455
17	181	0.046855099499225616455
18	16	0.14823642373085021973
18	17	0.058228351175785064697
18	18	0.24814432859420776367
18	19	0.14813640713691711426
18	20	0.058128185570240020752
18	21	-0.031880035996437072754
18	22	0.23804430663585662842
18	23	0.14803606271743774414
18	24	0.058027852326631546021
18	128	0.044910892844200134277
18	129	-0.044910892844200134277
18	130	-0.048793926835060119629
18	131	0.048793926835060119629
18	132	0.09370482712984085083
18	133	-0.09370482712984085083
18	134	0.044891115278005599976
18	135	-0.044891115278005599976
18	136	-0.049284342676401138306
18	137	0.049284342676401138306
18	138	0.094175457954406738281
18	139	-0.094175457954406738281
18	140	0.045337472110986709595
18	141	-0.045337472110986709595
18	142	-0.048748388886451721191
18	143	0.048748388886451721191
18	144	0.094085864722728729248
18	145	-0.094085864722728729248
18	146	0.045317724347114562988
18	147	-0.045317724347114562988
18	148	-0.049238830804824829102
18	149	0.049238830804824829102
18	150	0.094556562602519989014
18	151	-0.094556562602519989014
18	152	0.045297950506210327148
18	153	-0.045297950506210327148
18	154	-0.049729242920875549316
18	155	0.049729242920875549316
18	156	0.095027185976505279541
18	157	-0.095027185976505279541
18	158	0.045278169214725494385
18	159	-0.045278169214725494385
18	160	-0.050219651311635971069
18	161	0.050219651311635971069
18	162	0.095497816801071166992
18	163	-0.095497816801071166992
18	164	0.045744385570287704468
18	165	-0.045744385570287704468
18	166	-0.049193371087312698364
18	167	0.049193371087312698364
18	168	0.094937756657600402832
18	169	-0.094937756657600402832
18	170	0.045724608004093170166
18	171	-0.045724608004093170166
18	172	-0.049683783203363418579
18	173	0.049683783203363418579
18	174	0.095408394932746887207
18	175	-0.095408394932746887207
18	176	0.045704826712608337402
18	177	-0.045704826712608337402
18	178	-0.050174191594123840332
18	179	0.050174191594123840332
18	180	0.095879018306732177734
18	181	-0.095879018306732177734
19	16	0.11838255822658538818
19	17	0.08842067420482635498
19	18	0.14813640713691711426
19	19	0.12817457318305969238
19	20	0.088212646543979644775
19	21	0.058250714093446731567
19	22	0.14792841672897338867
19	23	0.11796648800373077393
19	24	0.08800455927848815918
19	128	0.015111925080418586731
19	129	-0.015111925080418586731
19	130	-0.016125105321407318115
19	131	0.016125105321407318115
19	132	0.031237028539180755615
19	133	-0.031237028539180755615
19	134	0.015141431242227554321
19	135	-0.015141431242227554321
19	136	-0.016253352165222167969
19	137	0.016253352165222167969
19	138	0.03139478340744972229
19	139	-0.03139478340744972229
19	140	0.015199672430753707886
19	141	-0.015199672430753707886
19	142	-0.016123021021485328674
19	143	0.016123021021485328674
19	144	0.031322695314884185791
19	145	-0.031322695314884185791
19	146	0.015229187905788421631
19	147	-0.015229187905788421631
19	148	-0.016251280903816223145
19	149	0.016251280903816223145
19	150	0.031480468809604644775
19	151	-0.031480468809604644775
19	152	0.015258694998919963837
19	153	-0.015258694998919963837
19	154	-0.016379527747631072998
19	155	0.016379527747631072998
19	156	0.03163822367787361145
19	157	-0.03163822367787361145
19	158	0.015288198366761207581
19	159	-0.015288198366761207581
19	160	-0.016507778316736221313
19	161	0.016507778316736221313
19	162	0.031795978546142578125
19	163	-0.031795978546142578125
19	164	0.015316961333155632019
19	165	-0.015316961333155632019
19	166	-0.016249224543571472168
19	167	0.016249224543571472168
19	168	0.031566187739372253418
19	169	-0.031566187739372253418
19	170	0.01534646935760974884
19	171	-0.01534646935760974884
19	172	-0.016377473250031471252
19	173	0.016377473250031471252
19	174	0.031723942607641220093
19	175	-0.031723942607641220093
19	176	0.015375972725450992584
19	177	-0.015375972725450992584
19	178	-0.016505723819136619568
19	179	0.016505723819136619568
19	180	0.031881697475910186768
19	181	-0.031881697475910186768
20	16	0.088528424501419067383
20	17	0.11861293017864227295
20	18	0.058128185570240020752
20	19	0.088212646543979644775
20	20	0.12829720973968505859
20	21	0.14838176965713500977
20	22	0.057812415063381195068
20	23	0.087896972894668579102
20	24	0.11798153072595596313
20	128	-0.014687299728393554688
20	129	0.014687299728393554688
20	130	0.01654371991753578186
20	131	-0.01654371991753578186
20	132	-0.031231019645929336548
20	133	0.031231019645929336548
20	134	-0.014608547091484069824
20	135	0.014608547091484069824
20	136	0.016777597367763519287
20	137	-0.016777597367763519287
20	138	-0.031386144459247589111
20	139	0.031386144459247589111
20	140	-0.014938333071768283844
20	141	0.014938333071768283844
20	142	0.016502356156706809998
20	143	-0.016502356156706809998
20	144	-0.031440690159797668457
20	145	0.031440690159797668457
20	146	-0.01485958881676197052
20	147	0.01485958881676197052
20	148	0.01673624478280544281
20	149	-0.01673624478280544281
20	150	-0.03159583359956741333
20	151	0.03159583359956741333
20	152	-0.014780837111175060272
20	153	0.014780837111175060272
20	154	0.016970122233033180237
20	155	-0.016970122233033180237
20	156	-0.031750958412885665894
20	157	0.031750958412885665894
20	158	-0.014702081680297851562
20	159	0.014702081680297851562
20	160	0.017203997820615768433
20	161	-0.017203997820615768433
20	162	-0.031906079500913619995
20	163	0.031906079500913619995
20	164	-0.015110647305846214294
20	165	0.015110647305846214294
20	166	0.016694910824298858643
20	167	-0.016694910824298858643
20	168	-0.031805559992790222168
20	169	0.031805559992790222168
20	170	-0.015031896531581878662
20	171	0.015031896531581878662
20	172	0.016928788274526596069
20	173	-0.016928788274526596069
20	174	-0.031960684806108474731
20	175	0.031960684806108474731
20	176	-0.014953141100704669952
20	177	0.014953141100704669952
20	178	0.017162665724754333496
20	179	-0.017162665724754333496
20	180	-0.032115805894136428833
20	181	0.032115805894136428833
21	16	0.058674290776252746582
21	17	0.14880518615245819092
21	18	-0.031880035996437072754
21	19	0.058250714093446731567
21	20	0.14838176965713500977
21	21	0.24851281940937042236
21	22	-0.03230361640453338623
21	23	0.05782744288444519043
21	24	0.14795850217342376709
21	128	-0.044486522674560546875
21	129	0.044486522674560546875
21	130	0.04921255260705947876
21	131	-0.04921255260705947876
21	132	-0.093699067831039428711
21	133	0.093699067831039428711
21	134	-0.044358517974615097046
21	135	0.044358517974615097046
21	136	0.049808558076620101929
21	137	-0.049808558076620101929
21	138	-0.094167068600654602051
21	139	0.094167068600654602051
21	140	-0.045076336711645126343
21	141	0.045076336711645126343
21	142	0.049127742648124694824
21	143	-0.049127742648124694824
21	144	-0.094204075634479522705
21	145	0.094204075634479522705
21	146	-0.044948361814022064209
21	147	0.044948361814022064209
21	148	0.049723777920007705688
21	149	-0.049723777920007705688
21	150	-0.094672143459320068359
21	151	0.094672143459320068359
21	152	-0.044820360839366912842
21	153	0.044820360839366912842
21	154	0.050319783389568328857
21	155	-0.050319783389568328857
21	156	-0.095140151679515838623
21	157	0.095140151679515838623
21	158	-0.044692359864711761475
21	159	0.044692359864711761475
21	160	0.050915785133838653564
21	161	-0.050915785133838653564
21	162	-0.095608152449131011963
21	163	0.095608152449131011963
21	164	-0.045538257807493209839
21	165	0.045538257807493209839
21	166	0.049639053642749786377
21	167	-0.049639053642749786377
21	168	-0.095177315175533294678
21	169	0.095177315175533294678
21	170	-0.045410256832838058472
21	171	0.045410256832838058472
21	172	0.050235059112310409546
21	173	-0.050235059112310409546
21	174	-0.095645308494567871094
21	175	0.095645308494567871094
21	176	-0.045282248407602310181
21	177	0.045282248407602310181
21	178	0.050831064581871032715
21	179	-0.050831064581871032715
21	180	-0.096113316714763641357
21	181	0.096113316714763641357
22	16	0.073992162942886352539
22	17	-0.016123637557029724121
22	18	0.23804430663585662842
22	19	0.14792841672897338867
22	20	0.057812415063381195068
22	21	-0.03230361640453338623
22	22	0.32198059558868408203
22	23	0.22186458110809326172
22	24	0.13174855709075927734
22	128	-0.023689942434430122375
22	129	0.023689942434430122375
22	130	-0.098616369068622589111
22	131	0.098616369068622589111
22	132	0.074926421046257019043
22	133	-0.074926421046257019043
22	134	-0.039005056023597717285
22	135	0.039005056023597717285
22	136	-0.11394034326076507568
22	137	0.11394034326076507568
22	138	0.074935279786586761475
22	139	-0.074935279786586761475
22	140	-0.00026950240135192871094
22	141	0.00026950240135192871094
22	142	-0.093028567731380462646
22	143	0.093028567731380462646
22	144	0.092759072780609130859
22	145	-0.092759072780609130859
22	146	-0.015584632754325866699
22	147	0.015584632754325866699
22	148	-0.10835257917642593384
22	149	0.10835257917642593384
22	150	0.092767931520938873291
22	151	-0.092767931520938873291
22	152	-0.030899781733751296997
22	153	0.030899781733751296997
22	154	-0.12367655336856842041
22	155	0.12367655336856842041
22	156	0.092776775360107421875
22	157	-0.092776775360107421875
22	158	-0.046214923262596130371
22	159	0.046214923262596130371
22	160	-0.13900054991245269775
22	161	0.13900054991245269775
22	162	0.092785634100437164307
22	163	-0.092785634100437164307
22	164	0.0078357625752687454224
22	165	-0.0078357625752687454224
22	166	-0.10276497900485992432
22	167	0.10276497900485992432
22	168	0.11060073971748352051
22	169	-0.11060073971748352051
22	170	-0.0074793845415115356445
22	171	0.0074793845415115356445
22	172	-0.11808897554874420166
22	173	0.11808897554874420166
22	174	0.11060958355665206909
22	175	-0.11060958355665206909
22	176	-0.02279452793300151825
22	177	0.02279452793300151825
22	178	-0.13341294229030609131
22	179	0.13341294229030609131
22	180	0.11061844229698181152
22	181	-0.11061844229698181152
23	16	0.044138025492429733276
23	17	0.014068618416786193848
23	18	0.14803606271743774414
23	19	0.11796648800373077393
23	20	0.087896972894668579102
23	21	0.05782744288444519043
23	22	0.22186458110809326172
23	23	0.20179505646228790283
23	24	0.16172553598880767822
23	128	-0.053489167243242263794
23	129	0.053489167243242263794
23	130	-0.065947547554969787598
23	131	0.065947547554969787598
23	132	0.012458376586437225342
23	133	-0.012458376586437225342
23	134	-0.068755030632019042969
23	135	0.068755030632019042969
23	136	-0.080909393727779388428
23	137	0.080909393727779388428
23	138	0.012154357507824897766
23	139	-0.012154357507824897766
23	140	-0.030407512560486793518
23	141	0.030407512560486793518
23	142	-0.060403190553188323975
23	143	0.060403190553188323975
23	144	0.029995681717991828918
23	145	-0.029995681717991828918
23	146	-0.045673415064811706543
23	147	0.045673415064811706543
23	148	-0.075365036725997924805
23	149	0.075365036725997924805
23	150	0.029691629111766815186
23	151	-0.029691629111766815186
23	152	-0.060939311981201171875
23	153	0.060939311981201171875
23	154	-0.090326905250549316406
23	155	0.090326905250549316406
23	156	0.029387593269348144531
23	157	-0.029387593269348144531
23	158	-0.076205201447010040283
23	159	0.076205201447010040283
23	160	-0.10528875142335891724
23	161	0.10528875142335891724
23	162	0.029083559289574623108
23	163	-0.029083559289574623108
23	164	-0.022591851651668548584
23	165	0.022591851651668548584
23	166	-0.069820836186408996582
23	167	0.069820836186408996582
23	168	0.04722898826003074646
23	169	-0.04722898826003074646
23	170	-0.03785775601863861084
23	171	0.03785775601863861084
23	172	-0.084782704710960388184
23	173	0.084782704710960388184
23	174	0.046924948692321777344
23	175	-0.046924948692321777344
23	176	-0.053123641759157180786
23	177	0.053123641759157180786
23	178	-0.099744558334350585938
23	179	0.099744558334350585938
23	180	0.046620920300483703613
23	181	-0.046620920300483703613
24	16	0.014283888041973114014
24	17	0.044260878115892410278
24	18	0.058027852326631546021
24	19	0.08800455927848815918
24	20	0.11798153072595596313
24	21	0.14795850217342376709
24	22	0.13174855709075927734
24	23	0.16172553598880767822
24	24	0.20170252025127410889
24	128	-0.083288393914699554443
24	129	0.083288393914699554443
24	130	-0.03327871859073638916
24	131	0.03327871859073638916
24	132	-0.050009679049253463745
24	133	0.050009679049253463745
24	134	-0.098505012691020965576
24	135	0.098505012691020965576
24	136	-0.047878436744213104248
24	137	0.047878436744213104248
24	138	-0.050626575946807861328
24	139	0.050626575946807861328
24	140	-0.060545518994331359863
24	141	0.060545518994331359863
24	142	-0.027777813374996185303
24	143	0.027777813374996185303
24	144	-0.032767705619335174561
24	145	0.032767705619335174561
24	146	-0.075762182474136352539
24	147	0.075762182474136352539
24	148	-0.042377509176731109619
24	149	0.042377509176731109619
24	150	-0.03338467329740524292
24	151	0.03338467329740524292
24	152	-0.090978845953941345215
24	153	0.090978845953941345215
24	154	-0.056977249681949615479
24	155	0.056977249681949615479
24	156	-0.034001596271991729736
24	157	0.034001596271991729736
24	158	-0.1061954796314239502
24	159	0.1061954796314239502
24	160	-0.071576982736587524414
24	161	0.071576982736587524414
24	162	-0.034618500620126724243
24	163	0.034618500620126724243
24	164	-0.053019456565380096436
24	165	0.053019456565380096436
24	166	-0.036876700818538665771
24	167	0.036876700818538665771
24	168	-0.016142755746841430664
24	169	0.016142755746841430664
24	170	-0.068236120045185089111
24	171	0.068236120045185089111
24	172	-0.051476441323757171631
24	173	0.051476441323757171631
24	174	-0.016759674996137619019
24	175	0.016759674996137619019
24	176	-0.083452753722667694092
24	177	0.083452753722667694092
24	178	-0.066076166927814483643
24	179	0.066076166927814483643
24	180	-0.017376583069562911987
24	181	0.017376583069562911987
25	25	0.24811205267906188965
25	26	0.14774550497531890869
25	182	-0.0021583591587841510773
25	183	0.0021583591587841510773
25	184	0.082083716988563537598
25	185	-0.082083716988563537598
25	186	-0.084242075681686401367
25	187	0.084242075681686401367
25	188	-0.0025105567183345556259
25	189	0.0025105567183345556259
25	190	0.081917449831962585449
25	191	-0.081917449831962585449
25	192	-0.084427997469902038574
25	193	0.084427997469902038574
26	25	0.14774550497531890869
26	26	0.20178158581256866455
26	182	-0.10522513091564178467
26	183	0.10522513091564178467
26	184	-0.027876324951648712158
26	185	0.027876324951648712158
26	186	-0.077348813414573669434
26	187	0.077348813414573669434
26	188	-0.087475858628749847412
26	189	0.087475858628749847412
26	190	-0.033283889293670654297
26	191	0.033283889293670654297
26	192	-0.054191965609788894653
26	193	0.054191965609788894653
27	27	0.2016849517822265625
27	28	0.16201521456241607666
27	29	0.14757999777793884277
27	30	0.11791028082370758057
27	31	0.073805347084999084473
27	194	-0.0013837479054927825928
27	195	0.0013837479054927825928
27	196	0.072479940950870513916
27	197	-0.072479940950870513916
27	198	-0.073863677680492401123
27	199	0.073863677680492401123
27	200	-0.011120842769742012024
27	201	0.011120842769742012024
27	202	0.079239875078201293945
27	203	-0.079239875078201293945
27	204	-0.090360715985298156738
27	205	0.090360715985298156738
27	206	-0.0053226286545395851135
27	207	0.0053226286545395851135
27	208	0.050440859049558639526
27	209	-0.050440859049558639526
27	210	-0.055763490498065948486
27	211	0.055763490498065948486
27	212	-0.015059718862175941467
27	213	0.015059718862175941467
27	214	0.057200811803340911865
27	215	-0.057200811803340911865
27	216	-0.072260521352291107178
27	217	0.072260521352291107178
27	218	-0.018998598679900169373
27	219	0.018998598679900169373
27	220	0.035161729902029037476
27	221	-0.035161729902029037476
27	222	-0.054160334169864654541
27	223	0.054160334169864654541
28	27	0.16201521456241607666
28	28	0.20239154994487762451
28	29	0.057856269180774688721
28	30	0.088232606649398803711
28	31	-0.015926353633403778076
28	194	-0.052824415266513824463
28	195	0.052824415266513824463
28	196	0.014824513345956802368
28	197	-0.014824513345956802368
28	198	-0.067648917436599731445
28	199	0.067648917436599731445
28	200	-0.062423031777143478394
28	201	0.062423031777143478394
28	202	0.021759949624538421631
28	203	-0.021759949624538421631
28	204	-0.08418299257755279541
28	205	0.08418299257755279541
28	206	-0.056947570294141769409
28	207	0.056947570294141769409
28	208	-0.0074413884431123733521
28	209	0.0074413884431123733521
28	210	-0.049506183713674545288
28	211	0.049506183713674545288
28	212	-0.066546171903610229492
28	213	0.066546171903610229492
28	214	-0.00050593540072441101074
28	215	0.00050593540072441101074
28	216	-0.066040240228176116943
28	217	0.066040240228176116943
28	218	-0.070669338107109069824
28	219	0.070669338107109069824
28	220	-0.022771839052438735962
28	221	0.022771839052438735962
28	222	-0.047897502779960632324
28	223	0.047897502779960632324
29	27	0.14757999777793884277
29	28	0.057856269180774688721
29	29	0.2472928464412689209
29	30	0.14756910502910614014
29	31	0.23728194832801818848
29	194	0.076856851577758789062
29	195	-0.076856851577758789062
29	196	0.086165107786655426025
29	197	-0.086165107786655426025
29	198	-0.0093082487583160400391
29	199	0.0093082487583160400391
29	200	0.076646946370601654053
29	201	-0.076646946370601654053
29	202	0.085904970765113830566
29	203	-0.085904970765113830566
29	204	-0.0092580318450927734375
29	205	0.0092580318450927734375
29	206	0.077130973339080810547
29	207	-0.077130973339080810547
29	208	0.086497202515602111816
29	209	-0.086497202515602111816
29	210	-0.0093662254512310028076
29	211	0.0093662254512310028076
29	212	0.076921053230762481689
29	213	-0.076921053230762481689
29	214	0.086237065494060516357
29	215	-0.086237065494060516357
29	216	-0.009316012263298034668
29	217	0.009316012263298034668
29	218	0.077195174992084503174
29	219	-0.077195174992084503174
29	220	0.086569160223007202148
29	221	-0.086569160223007202148
29	222	-0.0093739889562129974365
29	223	0.0093739889562129974365
