2022-06-27 06:15:13.209240+0200 HaradaExperiment[1869:223920] Metal GPU Frame Capture Enabled
2022-06-27 06:15:13.209530+0200 HaradaExperiment[1869:223920] Metal API Validation Enabled
loaded: duck-color from asset catalog
loaded: duck-color from asset catalog


iteration: 0


iteration: 1


iteration: 2


iteration: 3


iteration: 4


iteration: 5


iteration: 6


iteration: 7


iteration: 8


iteration: 9


iteration: 10


iteration: 11


iteration: 12


iteration: 13


iteration: 14


iteration: 15


iteration: 16


iteration: 17


iteration: 18


iteration: 19


iteration: 20


iteration: 21


iteration: 22


iteration: 23


iteration: 24


iteration: 25


iteration: 26


iteration: 27


iteration: 28


iteration: 29


iteration: 30


iteration: 31


iteration: 32


iteration: 33


iteration: 34


iteration: 35


iteration: 36


iteration: 37


iteration: 38


iteration: 39


iteration: 40


iteration: 41


iteration: 42


iteration: 43


iteration: 44


iteration: 45


iteration: 46


iteration: 47


iteration: 48


iteration: 49


iteration: 50


iteration: 51


iteration: 52


iteration: 53


iteration: 54


iteration: 55


iteration: 56


iteration: 57


iteration: 58


iteration: 59


iteration: 60


iteration: 61


iteration: 62


iteration: 63


iteration: 64


iteration: 65


iteration: 66


iteration: 67


iteration: 68


iteration: 69


iteration: 70


iteration: 71


iteration: 72


iteration: 73


iteration: 74


iteration: 75


iteration: 76


iteration: 77


iteration: 78


iteration: 79


iteration: 80


iteration: 81


iteration: 82


iteration: 83


iteration: 84


iteration: 85


iteration: 86


iteration: 87


iteration: 88


iteration: 89


iteration: 90


iteration: 91


iteration: 92


iteration: 93


iteration: 94


iteration: 95


iteration: 96


iteration: 97


iteration: 98


iteration: 99


iteration: 100


iteration: 101


iteration: 102


iteration: 103


iteration: 104


iteration: 105


iteration: 106


iteration: 107


iteration: 108


iteration: 109


iteration: 110


iteration: 111


iteration: 112


iteration: 113


iteration: 114


iteration: 115


iteration: 116


iteration: 117


iteration: 118


iteration: 119


iteration: 120


iteration: 121


iteration: 122


iteration: 123


iteration: 124


iteration: 125


iteration: 126


iteration: 127


iteration: 128


iteration: 129


iteration: 130


iteration: 131


iteration: 132


iteration: 133


iteration: 134


iteration: 135


iteration: 136


iteration: 137


iteration: 138


iteration: 139


iteration: 140


iteration: 141


iteration: 142


iteration: 143


iteration: 144


iteration: 145


iteration: 146


iteration: 147


iteration: 148


iteration: 149


iteration: 150


iteration: 151


iteration: 152


iteration: 153


iteration: 154


iteration: 155


iteration: 156


iteration: 157


iteration: 158


iteration: 159


iteration: 160


iteration: 161


iteration: 162


iteration: 163


iteration: 164


iteration: 165


iteration: 166


iteration: 167


iteration: 168


iteration: 169


iteration: 170


iteration: 171


iteration: 172


iteration: 173


iteration: 174


iteration: 175


iteration: 176


iteration: 177


iteration: 178


iteration: 179


iteration: 180


iteration: 181


iteration: 182


iteration: 183


iteration: 184


iteration: 185


iteration: 186


iteration: 187


iteration: 188


iteration: 189


iteration: 190


iteration: 191


iteration: 192


iteration: 193


iteration: 194


iteration: 195


iteration: 196


iteration: 197


iteration: 198


iteration: 199


iteration: 200


iteration: 201


iteration: 202


iteration: 203


iteration: 204


iteration: 205
generating sample matrix BEGIN
0	0	0.30236095190048217773
0	20	0.048089262098073959351
0	21	-0.048089262098073959351
0	22	0.19913217425346374512
0	23	-0.19913217425346374512
0	24	-0.151042938232421875
0	25	0.151042938232421875
1	1	0.18184365332126617432
1	2	0.12893994152545928955
1	3	0.06501102447509765625
1	4	0.043985847383737564087
1	13	-0.016401864588260650635
1	26	-0.052489519119262695312
1	27	0.052489519119262695312
1	28	-0.083102881908416748047
1	29	0.083102881908416748047
1	30	0.030613366514444351196
1	31	-0.030613366514444351196
1	32	-0.043829943984746932983
1	33	0.043829943984746932983
1	34	-0.078091256320476531982
1	35	0.078091256320476531982
1	36	0.034261308610439300537
1	37	-0.034261308610439300537
1	38	-0.030017506331205368042
1	39	0.030017506331205368042
1	40	-0.068856835365295410156
1	41	0.068856835365295410156
1	42	0.038839332759380340576
1	43	-0.038839332759380340576
1	44	-0.024864640086889266968
1	45	0.024864640086889266968
1	46	-0.064634025096893310547
1	47	0.064634025096893310547
1	48	0.039769385010004043579
1	49	-0.039769385010004043579
1	98	0.054496210068464279175
1	99	-0.054496210068464279175
1	100	0.0053997859358787536621
1	101	-0.0053997859358787536621
1	102	0.049096427857875823975
1	103	-0.049096427857875823975
2	1	0.12893994152545928955
2	2	0.22165195643901824951
2	3	0.2154331207275390625
2	4	0.13650231063365936279
2	13	0.026646312326192855835
2	26	-0.099735736846923828125
2	27	0.099735736846923828125
2	28	-0.026934210211038589478
2	29	0.026934210211038589478
2	30	-0.072801530361175537109
2	31	0.072801530361175537109
2	32	-0.10518331080675125122
2	33	0.10518331080675125122
2	34	-0.024781718850135803223
2	35	0.024781718850135803223
2	36	-0.080401599407196044922
2	37	0.080401599407196044922
2	38	-0.094669125974178314209
2	39	0.094669125974178314209
2	40	-0.021652959287166595459
2	41	0.021652959287166595459
2	42	-0.07301616668701171875
2	43	0.07301616668701171875
2	44	-0.078707367181777954102
2	45	0.078707367181777954102
2	46	-0.020676694810390472412
2	47	0.020676694810390472412
2	48	-0.058030672371387481689
2	49	0.058030672371387481689
2	98	-0.045753076672554016113
2	99	0.045753076672554016113
2	100	-0.030060045421123504639
2	101	0.030060045421123504639
2	102	-0.015693027526140213013
2	103	0.015693027526140213013
3	1	0.06501102447509765625
3	2	0.2154331207275390625
3	3	0.29656150937080383301
3	4	0.20726785063743591309
3	13	0.022613145411014556885
3	26	-0.07331622391939163208
3	27	0.07331622391939163208
3	28	0.051669191569089889526
3	29	-0.051669191569089889526
3	30	-0.12498541176319122314
3	31	0.12498541176319122314
3	32	-0.089272215962409973145
3	33	0.089272215962409973145
3	34	0.049229715019464492798
3	35	-0.049229715019464492798
3	36	-0.13850192725658416748
3	37	0.13850192725658416748
3	38	-0.090127348899841308594
3	39	0.090127348899841308594
3	40	0.043662171810865402222
3	41	-0.043662171810865402222
3	42	-0.13378950953483581543
3	43	0.13378950953483581543
3	44	-0.075026489794254302979
3	45	0.075026489794254302979
3	46	0.040534093976020812988
3	47	-0.040534093976020812988
3	48	-0.11556057631969451904
3	49	0.11556057631969451904
3	98	-0.042505696415901184082
3	99	0.042505696415901184082
3	100	-0.0055555365979671478271
3	101	0.0055555365979671478271
3	102	-0.036950152367353439331
3	103	0.036950152367353439331
4	1	0.043985847383737564087
4	2	0.13650231063365936279
4	3	0.20726785063743591309
4	4	0.19551695883274078369
4	13	-0.024468179792165756226
4	26	0.00034947693347930908203
4	27	-0.00034947693347930908203
4	28	0.074103914201259613037
4	29	-0.074103914201259613037
4	30	-0.073754437267780303955
4	31	0.073754437267780303955
4	32	-0.012007793411612510681
4	33	0.012007793411612510681
4	34	0.069931596517562866211
4	35	-0.069931596517562866211
4	36	-0.081939399242401123047
4	37	0.081939399242401123047
4	38	-0.020933981984853744507
4	39	0.020933981984853744507
4	40	0.061773430556058883667
4	41	-0.061773430556058883667
4	42	-0.08270740509033203125
4	43	0.08270740509033203125
4	44	-0.017502898350358009338
4	45	0.017502898350358009338
4	46	0.05778754502534866333
4	47	-0.05778754502534866333
4	48	-0.075290434062480926514
4	49	0.075290434062480926514
4	98	0.060990929603576660156
4	99	-0.060990929603576660156
4	100	0.054408766329288482666
4	101	-0.054408766329288482666
4	102	0.0065821707248687744141
4	103	-0.0065821707248687744141
5	5	0.23732991516590118408
5	50	-0.11237106472253799438
5	51	0.11237106472253799438
5	52	-0.082164704799652099609
5	53	0.082164704799652099609
5	54	-0.030206356197595596313
5	55	0.030206356197595596313
6	6	0.18956616520881652832
6	7	0.10301939398050308228
6	8	0.2208201289176940918
6	9	0.14427338540554046631
6	10	0.0060318931937217712402
6	11	0.047285832464694976807
6	12	0.061765443533658981323
6	56	0.11444701999425888062
6	57	-0.11444701999425888062
6	58	0.030034070834517478943
6	59	-0.030034070834517478943
6	60	0.084412947297096252441
6	61	-0.084412947297096252441
6	62	0.13376605510711669922
6	63	-0.13376605510711669922
6	64	0.029276981949806213379
6	65	-0.029276981949806213379
6	66	0.10448907315731048584
6	67	-0.10448907315731048584
6	68	0.11345020681619644165
6	69	-0.11345020681619644165
6	70	0.032503657042980194092
6	71	-0.032503657042980194092
6	72	0.080946549773216247559
6	73	-0.080946549773216247559
6	74	0.13276922702789306641
6	75	-0.13276922702789306641
6	76	0.031746562570333480835
6	77	-0.031746562570333480835
6	78	0.10102266818284988403
6	79	-0.10102266818284988403
6	80	0.070105522871017456055
6	81	-0.070105522871017456055
6	82	0.0090183615684509277344
6	83	-0.0090183615684509277344
6	84	0.06108716130256652832
6	85	-0.06108716130256652832
6	86	0.069108858704566955566
6	87	-0.069108858704566955566
6	88	0.011487975716590881348
6	89	-0.011487975716590881348
6	90	0.057620882987976074219
6	91	-0.057620882987976074219
6	92	0.13476270437240600586
6	93	-0.13476270437240600586
6	94	0.02680735662579536438
6	95	-0.02680735662579536438
6	96	0.10795534402132034302
6	97	-0.10795534402132034302
7	6	0.10301939398050308228
7	7	0.12576104700565338135
7	8	0.12803924083709716797
7	9	0.14078089594841003418
7	10	0.1332657933235168457
7	11	0.15828563272953033447
7	12	0.090741209685802459717
7	56	0.011207146570086479187
7	57	-0.011207146570086479187
7	58	0.037210062146186828613
7	59	-0.037210062146186828613
7	60	-0.026002913713455200195
7	61	0.026002913713455200195
7	62	0.013240644708275794983
7	63	-0.013240644708275794983
7	64	0.044533915817737579346
7	65	-0.044533915817737579346
7	66	-0.031293269246816635132
7	67	0.031293269246816635132
7	68	0.011246770620346069336
7	69	-0.011246770620346069336
7	70	0.038462027907371520996
7	71	-0.038462027907371520996
7	72	-0.027215255424380302429
7	73	0.027215255424380302429
7	74	0.013280267827212810516
7	75	-0.013280267827212810516
7	76	0.045785881578922271729
7	77	-0.045785881578922271729
7	78	-0.032505612820386886597
7	79	0.032505612820386886597
7	80	0.0071561825461685657501
7	81	-0.0071561825461685657501
7	82	0.025111129507422447205
7	83	-0.025111129507422447205
7	84	-0.017954949289560317993
7	85	0.017954949289560317993
7	86	0.0071958219632506370544
7	87	-0.0071958219632506370544
7	88	0.026363145560026168823
7	89	-0.026363145560026168823
7	90	-0.019167324528098106384
7	91	0.019167324528098106384
7	92	0.013201004825532436371
7	93	-0.013201004825532436371
7	94	0.043281897902488708496
7	95	-0.043281897902488708496
7	96	-0.030080895870923995972
7	97	0.030080895870923995972
8	6	0.2208201289176940918
8	7	0.12803924083709716797
8	8	0.34473824501037597656
8	9	0.24195742607116699219
8	10	0.013209812343120574951
8	11	0.12712790071964263916
8	12	0.01412115246057510376
8	56	0.19936823844909667969
8	57	-0.19936823844909667969
8	58	0.12100969254970550537
8	59	-0.12100969254970550537
8	60	0.07835855334997177124
8	61	-0.07835855334997177124
8	62	0.23330627381801605225
8	63	-0.23330627381801605225
8	64	0.1345196068286895752
8	65	-0.1345196068286895752
8	66	0.098786666989326477051
8	67	-0.098786666989326477051
8	68	0.19790686666965484619
8	69	-0.19790686666965484619
8	70	0.12733648717403411865
8	71	-0.12733648717403411865
8	72	0.070570379495620727539
8	73	-0.070570379495620727539
8	74	0.23184487223625183105
8	75	-0.23184487223625183105
8	76	0.14084640145301818848
8	77	-0.14084640145301818848
8	78	0.090998478233814239502
8	79	-0.090998478233814239502
8	80	0.12270835041999816895
8	81	-0.12270835041999816895
8	82	0.064273566007614135742
8	83	-0.064273566007614135742
8	84	0.058434784412384033203
8	85	-0.058434784412384033203
8	86	0.12124721705913543701
8	87	-0.12124721705913543701
8	88	0.070600502192974090576
8	89	-0.070600502192974090576
8	90	0.050646722316741943359
8	91	-0.050646722316741943359
8	92	0.23476739227771759033
8	93	-0.23476739227771759033
8	94	0.12819266319274902344
8	95	-0.12819266319274902344
8	96	0.10657472163438796997
8	97	-0.10657472163438796997
9	6	0.14427338540554046631
9	7	0.14078089594841003418
9	8	0.24195742607116699219
9	9	0.24846495687961578369
9	10	0.14044369757175445557
9	11	0.2381276935338973999
9	12	0.043096903711557388306
9	56	0.096128404140472412109
9	57	-0.096128404140472412109
9	58	0.12818570435047149658
9	59	-0.12818570435047149658
9	60	-0.032057292759418487549
9	61	0.032057292759418487549
9	62	0.11278090626001358032
9	63	-0.11278090626001358032
9	64	0.14977657794952392578
9	65	-0.14977657794952392578
9	66	-0.036995667964220046997
9	67	0.036995667964220046997
9	68	0.095703452825546264648
9	69	-0.095703452825546264648
9	70	0.13329488039016723633
9	71	-0.13329488039016723633
9	72	-0.037591431289911270142
9	73	0.037591431289911270142
9	74	0.11235595494508743286
9	75	-0.11235595494508743286
9	76	0.15488573908805847168
9	77	-0.15488573908805847168
9	78	-0.042529791593551635742
9	79	0.042529791593551635742
9	80	0.059759024530649185181
9	81	-0.059759024530649185181
9	82	0.080366343259811401367
9	83	-0.080366343259811401367
9	84	-0.020607315003871917725
9	85	0.020607315003871917725
9	86	0.059334203600883483887
9	87	-0.059334203600883483887
9	88	0.085475683212280273438
9	89	-0.085475683212280273438
9	90	-0.026141479611396789551
9	91	0.026141479611396789551
9	92	0.11320571601390838623
9	93	-0.11320571601390838623
9	94	0.14466722309589385986
9	95	-0.14466722309589385986
9	96	-0.031461507081985473633
9	97	0.031461507081985473633
10	6	0.0060318931937217712402
10	7	0.1332657933235168457
10	8	0.013209812343120574951
10	9	0.14044369757175445557
10	10	0.30770796537399291992
10	11	0.30488592386245727539
10	12	0.12608788907527923584
10	56	-0.11835204064846038818
10	57	0.11835204064846038818
10	58	0.050349295139312744141
10	59	-0.050349295139312744141
10	60	-0.16870133578777313232
10	61	0.16870133578777313232
10	62	-0.13799363374710083008
10	63	0.13799363374710083008
10	64	0.068706624209880828857
10	65	-0.068706624209880828857
10	66	-0.20670026540756225586
10	67	0.20670026540756225586
10	68	-0.11699519306421279907
10	69	0.11699519306421279907
10	70	0.050195086747407913208
10	71	-0.050195086747407913208
10	72	-0.16719028353691101074
10	73	0.16719028353691101074
10	74	-0.13663679361343383789
10	75	0.13663679361343383789
10	76	0.068552412092685699463
10	77	-0.068552412092685699463
10	78	-0.20518919825553894043
10	79	0.20518919825553894043
10	80	-0.071805939078330993652
10	81	0.071805939078330993652
10	82	0.048229098320007324219
10	83	-0.048229098320007324219
10	84	-0.12003502994775772095
10	85	0.12003502994775772095
10	86	-0.070449247956275939941
10	87	0.070449247956275939941
10	88	0.048074968159198760986
10	89	-0.048074968159198760986
10	90	-0.11852421611547470093
10	91	0.11852421611547470093
10	92	-0.13935032486915588379
10	93	0.13935032486915588379
10	94	0.06886075437068939209
10	95	-0.06886075437068939209
10	96	-0.20821107923984527588
10	97	0.20821107923984527588
11	6	0.047285832464694976807
11	7	0.15828563272953033447
11	8	0.12712790071964263916
11	9	0.2381276935338973999
11	10	0.30488592386245727539
11	11	0.39472800493240356445
11	12	0.078443616628646850586
11	56	-0.033430863171815872192
11	57	0.033430863171815872192
11	58	0.14132490754127502441
11	59	-0.14132490754127502441
11	60	-0.17475576698780059814
11	61	0.17475576698780059814
11	62	-0.038453478366136550903
11	63	0.038453478366136550903
11	64	0.17394924163818359375
11	65	-0.17394924163818359375
11	66	-0.21240270137786865234
11	67	0.21240270137786865234
11	68	-0.032538585364818572998
11	69	0.032538585364818572998
11	70	0.14502789080142974854
11	71	-0.14502789080142974854
11	72	-0.17756648361682891846
11	73	0.17756648361682891846
11	74	-0.037561196833848953247
11	75	0.037561196833848953247
11	76	0.17765223979949951172
11	77	-0.17765223979949951172
11	78	-0.2152134329080581665
11	79	0.2152134329080581665
11	80	-0.019203137606382369995
11	81	0.019203137606382369995
11	82	0.1034842953085899353
11	83	-0.1034842953085899353
11	84	-0.12268743664026260376
11	85	0.12268743664026260376
11	86	-0.018310902640223503113
11	87	0.018310902640223503113
11	88	0.10718748718500137329
11	89	-0.10718748718500137329
11	90	-0.12549839913845062256
11	91	0.12549839913845062256
11	92	-0.039345704019069671631
11	93	0.039345704019069671631
11	94	0.17024604976177215576
11	95	-0.17024604976177215576
11	96	-0.20959174633026123047
11	97	0.20959174633026123047
12	6	0.061765443533658981323
12	7	0.090741209685802459717
12	8	0.01412115246057510376
12	9	0.043096903711557388306
12	10	0.12608788907527923584
12	11	0.078443616628646850586
12	12	0.14838548004627227783
12	56	-0.073714040219783782959
12	57	0.073714040219783782959
12	58	-0.053765509277582168579
12	59	0.053765509277582168579
12	60	-0.01994853094220161438
12	61	0.01994853094220161438
12	62	-0.086299531161785125732
12	63	0.086299531161785125732
12	64	-0.060708656907081604004
12	65	0.060708656907081604004
12	66	-0.025590874254703521729
12	67	0.025590874254703521729
12	68	-0.073209844529628753662
12	69	0.073209844529628753662
12	70	-0.056370750069618225098
12	71	0.056370750069618225098
12	72	-0.016839094460010528564
12	73	0.016839094460010528564
12	74	-0.085795335471630096436
12	75	0.085795335471630096436
12	76	-0.063313901424407958984
12	77	0.063313901424407958984
12	78	-0.022481437772512435913
12	79	0.022481437772512435913
12	80	-0.045446615666151046753
12	81	0.045446615666151046753
12	82	-0.030144037678837776184
12	83	0.030144037678837776184
12	84	-0.015302578918635845184
12	85	0.015302578918635845184
12	86	-0.044942520558834075928
12	87	0.044942520558834075928
12	88	-0.032749347388744354248
12	89	0.032749347388744354248
12	90	-0.012193175964057445526
12	91	0.012193175964057445526
12	92	-0.086803622543811798096
12	93	0.086803622543811798096
12	94	-0.058103345334529876709
12	95	0.058103345334529876709
12	96	-0.028700273483991622925
12	97	0.028700273483991622925
13	1	-0.016401864588260650635
13	2	0.026646312326192855835
13	3	0.022613145411014556885
13	4	-0.024468179792165756226
13	13	0.31223237514495849609
13	14	0.033151350915431976318
13	15	0.047522854059934616089
13	16	0.031022569164633750916
13	17	0.014522287994623184204
13	18	0.045394074171781539917
13	19	0.028893791139125823975
13	26	-0.16912373900413513184
13	27	0.16912373900413513184
13	28	-0.062540180981159210205
13	29	0.062540180981159210205
13	30	-0.10658355057239532471
13	31	0.10658355057239532471
13	32	-0.15532943606376647949
13	33	0.15532943606376647949
13	34	-0.043951470404863357544
13	35	0.043951470404863357544
13	36	-0.11137796938419342041
13	37	0.11137796938419342041
13	38	-0.13479040563106536865
13	39	0.13479040563106536865
13	40	-0.036990236490964889526
13	41	0.036990236490964889526
13	42	-0.097800165414810180664
13	43	0.097800165414810180664
13	44	-0.128045693039894104
13	45	0.128045693039894104
13	46	-0.048617720603942871094
13	47	0.048617720603942871094
13	48	-0.07942797243595123291
13	49	0.07942797243595123291
13	98	-0.091445393860340118408
13	99	0.091445393860340118408
13	100	-0.17450127005577087402
13	101	0.17450127005577087402
13	102	0.083055876195430755615
13	103	-0.083055876195430755615
13	104	0.0099147260189056396484
13	105	-0.0099147260189056396484
13	106	0.02443058602511882782
13	107	-0.02443058602511882782
13	108	-0.014515873044729232788
13	109	0.014515873044729232788
13	110	0.10231014341115951538
13	111	-0.10231014341115951538
13	112	0.078070811927318572998
13	113	-0.078070811927318572998
13	114	0.024239327758550643921
13	115	-0.024239327758550643921
13	116	0.058608617633581161499
13	117	-0.058608617633581161499
13	118	0.014524236321449279785
13	119	-0.014524236321449279785
13	120	0.044084385037422180176
13	121	-0.044084385037422180176
13	122	0.014907106757164001465
13	123	-0.014907106757164001465
13	124	-0.049022320657968521118
13	125	0.049022320657968521118
13	126	0.063929431140422821045
13	127	-0.063929431140422821045
13	128	0.15100404620170593262
13	129	-0.15100404620170593262
13	130	0.068164460361003875732
13	131	-0.068164460361003875732
13	132	0.082839578390121459961
13	133	-0.082839578390121459961
13	134	0.10730250924825668335
13	135	-0.10730250924825668335
13	136	0.0046178884804248809814
13	137	-0.0046178884804248809814
13	138	0.10268462449312210083
13	139	-0.10268462449312210083
14	13	0.033151350915431976318
14	14	0.21708036959171295166
14	15	0.0925847664475440979
14	16	0.12143559008836746216
14	17	0.15028640627861022949
14	18	0.0069399923086166381836
14	19	0.035790830850601196289
14	98	-0.064481824636459350586
14	99	0.064481824636459350586
14	100	-0.032081924378871917725
14	101	0.032081924378871917725
14	102	-0.032399900257587432861
14	103	0.032399900257587432861
14	104	-0.057026021182537078857
14	105	0.057026021182537078857
14	106	-0.094354510307312011719
14	107	0.094354510307312011719
14	108	0.037328492850065231323
14	109	-0.037328492850065231323
14	110	-0.024549754336476325989
14	111	0.024549754336476325989
14	112	-0.073484823107719421387
14	113	0.073484823107719421387
14	114	0.048935066908597946167
14	115	-0.048935066908597946167
14	116	-0.043815821409225463867
14	117	0.043815821409225463867
14	118	-0.10906559973955154419
14	119	0.10906559973955154419
14	120	0.065249770879745483398
14	121	-0.065249770879745483398
14	122	-0.063081890344619750977
14	123	0.063081890344619750977
14	124	-0.1446463465690612793
14	125	0.1446463465690612793
14	126	0.081564463675022125244
14	127	-0.081564463675022125244
14	128	-0.011339554563164710999
14	129	0.011339554563164710999
14	130	-0.088195905089378356934
14	131	0.088195905089378356934
14	132	0.076856352388858795166
14	133	-0.076856352388858795166
14	134	-0.030605621635913848877
14	135	0.030605621635913848877
14	136	-0.12377667427062988281
14	137	0.12377667427062988281
14	138	0.093171045184135437012
14	139	-0.093171045184135437012
15	13	0.047522854059934616089
15	14	0.0925847664475440979
15	15	0.13353182375431060791
15	16	0.089207246899604797363
15	17	0.054882690310478210449
15	18	0.12015430629253387451
15	19	0.08582973480224609375
15	98	-0.16204316914081573486
15	99	0.16204316914081573486
15	100	-0.09094750136137008667
15	101	0.09094750136137008667
15	102	-0.071095675230026245117
15	103	0.071095675230026245117
15	104	-0.02789584919810295105
15	105	0.02789584919810295105
15	106	0.0022278185933828353882
15	107	-0.0022278185933828353882
15	108	-0.030123665928840637207
15	109	0.030123665928840637207
15	110	-0.028592580929398536682
15	111	0.028592580929398536682
15	112	0.0012997351586818695068
15	113	-0.0012997351586818695068
15	114	-0.029892314225435256958
15	115	0.029892314225435256958
15	116	-0.032407015562057495117
15	117	0.032407015562057495117
15	118	0.0026403181254863739014
15	119	-0.0026403181254863739014
15	120	-0.035047333687543869019
15	121	0.035047333687543869019
15	122	-0.036221452057361602783
15	123	0.036221452057361602783
15	124	0.0039809010922908782959
15	125	-0.0039809010922908782959
15	126	-0.040202353149652481079
15	127	0.040202353149652481079
15	128	-0.033103752881288528442
15	129	0.033103752881288528442
15	130	0.0017122328281402587891
15	131	-0.0017122328281402587891
15	132	-0.034815985709428787231
15	133	0.034815985709428787231
15	134	-0.036918189376592636108
15	135	0.036918189376592636108
15	136	0.0030528176575899124146
15	137	-0.0030528176575899124146
15	138	-0.039971005171537399292
15	139	0.039971005171537399292
16	13	0.031022569164633750916
16	14	0.12143559008836746216
16	15	0.089207246899604797363
16	16	0.12409871816635131836
16	17	0.13899017870426177979
16	18	0.081870377063751220703
16	19	0.10676185041666030884
16	98	-0.05079399794340133667
16	99	0.05079399794340133667
16	100	-0.023620530962944030762
16	101	0.023620530962944030762
16	102	-0.027173468843102455139
16	103	0.027173468843102455139
16	104	0.011329250410199165344
16	105	-0.011329250410199165344
16	106	-0.011843949556350708008
16	107	0.011843949556350708008
16	108	0.023173199966549873352
16	109	-0.023173199966549873352
16	110	0.015361568890511989594
16	111	-0.015361568890511989594
16	112	-0.0089490395039319992065
16	113	0.0089490395039319992065
16	114	0.024310609325766563416
16	115	-0.024310609325766563416
16	116	0.0156423225998878479
16	117	-0.0156423225998878479
16	118	-0.013731767423450946808
16	119	0.013731767423450946808
16	120	0.029374089092016220093
16	121	-0.029374089092016220093
16	122	0.015923077240586280823
16	123	-0.015923077240586280823
16	124	-0.018514491617679595947
16	125	0.018514491617679595947
16	126	0.034437566995620727539
16	127	-0.034437566995620727539
16	128	0.019674642011523246765
16	129	-0.019674642011523246765
16	130	-0.01083685457706451416
16	131	0.01083685457706451416
16	132	0.030511494725942611694
16	133	-0.030511494725942611694
16	134	0.019955396652221679688
16	135	-0.019955396652221679688
16	136	-0.015619579702615737915
16	137	0.015619579702615737915
16	138	0.035574972629547119141
16	139	-0.035574972629547119141
17	13	0.014522287994623184204
17	14	0.15028640627861022949
17	15	0.054882690310478210449
17	16	0.13899017870426177979
17	17	0.23309765756130218506
17	18	0.04358645901083946228
17	19	0.12769395112991333008
17	98	0.060455143451690673828
17	99	-0.060455143451690673828
17	100	0.043706417083740234375
17	101	-0.043706417083740234375
17	102	0.016748730093240737915
17	103	-0.016748730093240737915
17	104	0.050554338842630386353
17	105	-0.050554338842630386353
17	106	-0.025915712118148803711
17	107	0.025915712118148803711
17	108	0.076470047235488891602
17	109	-0.076470047235488891602
17	110	0.059315711259841918945
17	111	-0.059315711259841918945
17	112	-0.019197804853320121765
17	113	0.019197804853320121765
17	114	0.078513517975807189941
17	115	-0.078513517975807189941
17	116	0.06369164586067199707
17	117	-0.06369164586067199707
17	118	-0.030103847384452819824
17	119	0.030103847384452819824
17	120	0.093795493245124816895
17	121	-0.093795493245124816895
17	122	0.068067595362663269043
17	123	-0.068067595362663269043
17	124	-0.041009876877069473267
17	125	0.041009876877069473267
17	126	0.10907746851444244385
17	127	-0.10907746851444244385
17	128	0.072453029453754425049
17	129	-0.072453029453754425049
17	130	-0.023385934531688690186
17	131	0.023385934531688690186
17	132	0.095838963985443115234
17	133	-0.095838963985443115234
17	134	0.076828964054584503174
17	135	-0.076828964054584503174
17	136	-0.03429196774959564209
17	137	0.03429196774959564209
17	138	0.11112093925476074219
17	139	-0.11112093925476074219
18	13	0.045394074171781539917
18	14	0.0069399923086166381836
18	15	0.12015430629253387451
18	16	0.081870377063751220703
18	17	0.04358645901083946228
18	18	0.20508469641208648682
18	19	0.15680076181888580322
18	98	-0.14835533499717712402
18	99	0.14835533499717712402
18	100	-0.082486107945442199707
18	101	0.082486107945442199707
18	102	-0.065869241952896118164
18	103	0.065869241952896118164
18	104	0.040459431707859039307
18	105	-0.040459431707859039307
18	106	0.08473838120698928833
18	107	-0.08473838120698928833
18	108	-0.044278956949710845947
18	109	0.044278956949710845947
18	110	0.011318743228912353516
18	111	-0.011318743228912353516
18	112	0.065835520625114440918
18	113	-0.065835520625114440918
18	114	-0.054516777396202087402
18	115	0.054516777396202087402
18	116	0.027051130309700965881
18	117	-0.027051130309700965881
18	118	0.097974151372909545898
18	119	-0.097974151372909545898
18	120	-0.070923022925853729248
18	121	0.070923022925853729248
18	122	0.042783513665199279785
18	123	-0.042783513665199279785
18	124	0.13011276721954345703
18	125	-0.13011276721954345703
18	126	-0.087329268455505371094
18	127	0.087329268455505371094
18	128	-0.0020895600318908691406
18	129	0.0020895600318908691406
18	130	0.079071283340454101562
18	131	-0.079071283340454101562
18	132	-0.081160843372344970703
18	133	0.081160843372344970703
18	134	0.013642828911542892456
18	135	-0.013642828911542892456
18	136	0.11120991408824920654
18	137	-0.11120991408824920654
18	138	-0.097567081451416015625
18	139	0.097567081451416015625
19	13	0.028893791139125823975
19	14	0.035790830850601196289
19	15	0.08582973480224609375
19	16	0.10676185041666030884
19	17	0.12769395112991333008
19	18	0.15680076181888580322
19	19	0.18773286044597625732
19	98	-0.037106178700923919678
19	99	0.037106178700923919678
19	100	-0.015159144997596740723
19	101	0.015159144997596740723
19	102	-0.021947037428617477417
19	103	0.021947037428617477417
19	104	0.079684518277645111084
19	105	-0.079684518277645111084
19	106	0.070666611194610595703
19	107	-0.070666611194610595703
19	108	0.0090179070830345153809
19	109	-0.0090179070830345153809
19	110	0.055272888392210006714
19	111	-0.055272888392210006714
19	112	0.055586744099855422974
19	113	-0.055586744099855422974
19	114	-0.00031385757029056549072
19	115	0.00031385757029056549072
19	116	0.075100459158420562744
19	117	-0.075100459158420562744
19	118	0.081602066755294799805
19	119	-0.081602066755294799805
19	120	-0.0065016001462936401367
19	121	0.0065016001462936401367
19	122	0.094928033649921417236
19	123	-0.094928033649921417236
19	124	0.1076173633337020874
19	125	-0.1076173633337020874
19	126	-0.012689340859651565552
19	127	0.012689340859651565552
19	128	0.050688832998275756836
19	129	-0.050688832998275756836
19	130	0.066522195935249328613
19	131	-0.066522195935249328613
19	132	-0.015833359211683273315
19	133	0.015833359211683273315
19	134	0.070516407489776611328
19	135	-0.070516407489776611328
19	136	0.092537507414817810059
19	137	-0.092537507414817810059
19	138	-0.02202109992504119873
19	139	0.02202109992504119873
20	0	0.048089262098073959351
20	20	0.46925783157348632812
20	21	-0.45925784111022949219
20	22	0.26977470517158508301
20	23	-0.26977470517158508301
20	24	0.18948313593864440918
20	25	-0.18948313593864440918
20	140	1
21	0	-0.048089262098073959351
21	20	-0.45925784111022949219
21	21	0.46925783157348632812
21	22	-0.26977470517158508301
21	23	0.26977470517158508301
21	24	-0.18948313593864440918
21	25	0.18948313593864440918
21	140	1
22	0	0.19913217425346374512
22	20	0.26977470517158508301
22	21	-0.26977470517158508301
22	22	0.40451443195343017578
22	23	-0.39451444149017333984
22	24	-0.12473972141742706299
22	25	0.12473972141742706299
22	140	1
23	0	-0.19913217425346374512
23	20	-0.26977470517158508301
23	21	0.26977470517158508301
23	22	-0.39451444149017333984
23	23	0.40451443195343017578
23	24	0.12473972141742706299
23	25	-0.12473972141742706299
23	140	1
24	0	-0.151042938232421875
24	20	0.18948313593864440918
24	21	-0.18948313593864440918
24	22	-0.12473972141742706299
24	23	0.12473972141742706299
24	24	0.32422280311584472656
24	25	-0.31422281265258789062
24	140	1
25	0	0.151042938232421875
25	20	-0.18948313593864440918
25	21	0.18948313593864440918
25	22	0.12473972141742706299
25	23	-0.12473972141742706299
25	24	-0.31422281265258789062
25	25	0.32422280311584472656
25	140	1
26	1	-0.052489519119262695312
26	2	-0.099735736846923828125
26	3	-0.07331622391939163208
26	4	0.00034947693347930908203
26	13	-0.16912373900413513184
26	26	0.29112485051155090332
26	27	-0.28112486004829406738
26	28	0.10793587565422058105
26	29	-0.10793587565422058105
26	30	0.17318898439407348633
26	31	-0.17318898439407348633
26	32	0.17970803380012512207
26	33	-0.17970803380012512207
26	34	-0.0030952394008636474609
26	35	0.0030952394008636474609
26	36	0.18280327320098876953
26	37	-0.18280327320098876953
26	38	0.081131480634212493896
26	39	-0.081131480634212493896
26	40	-0.037030778825283050537
26	41	0.037030778825283050537
26	42	0.11816225200891494751
26	43	-0.11816225200891494751
26	44	0.083971746265888214111
26	45	-0.083971746265888214111
26	46	0.040064789354801177979
26	47	-0.040064789354801177979
26	48	0.043906960636377334595
26	49	-0.043906960636377334595
26	98	0.085772760212421417236
26	99	-0.085772760212421417236
26	100	0.21287143230438232422
26	101	-0.21287143230438232422
26	102	-0.12709866464138031006
26	103	0.12709866464138031006
26	141	1
27	1	0.052489519119262695312
27	2	0.099735736846923828125
27	3	0.07331622391939163208
27	4	-0.00034947693347930908203
27	13	0.16912373900413513184
27	26	-0.28112486004829406738
27	27	0.29112485051155090332
27	28	-0.10793587565422058105
27	29	0.10793587565422058105
27	30	-0.17318898439407348633
27	31	0.17318898439407348633
27	32	-0.17970803380012512207
27	33	0.17970803380012512207
27	34	0.0030952394008636474609
27	35	-0.0030952394008636474609
27	36	-0.18280327320098876953
27	37	0.18280327320098876953
27	38	-0.081131480634212493896
27	39	0.081131480634212493896
27	40	0.037030778825283050537
27	41	-0.037030778825283050537
27	42	-0.11816225200891494751
27	43	0.11816225200891494751
27	44	-0.083971746265888214111
27	45	0.083971746265888214111
27	46	-0.040064789354801177979
27	47	0.040064789354801177979
27	48	-0.043906960636377334595
27	49	0.043906960636377334595
27	98	-0.085772760212421417236
27	99	0.085772760212421417236
27	100	-0.21287143230438232422
27	101	0.21287143230438232422
27	102	0.12709866464138031006
27	103	-0.12709866464138031006
27	141	1
28	1	-0.083102881908416748047
28	2	-0.026934210211038589478
28	3	0.051669191569089889526
28	4	0.074103914201259613037
28	13	-0.062540180981159210205
28	26	0.10793587565422058105
28	27	-0.10793587565422058105
28	28	0.21424610912799835205
28	29	-0.20424610376358032227
28	30	-0.096310243010520935059
28	31	0.096310243010520935059
28	32	0.10243314504623413086
28	33	-0.10243314504623413086
28	34	0.2038135230541229248
28	35	-0.2038135230541229248
28	36	-0.10138037055730819702
28	37	0.10138037055730819702
28	38	0.090333424508571624756
28	39	-0.090333424508571624756
28	40	0.1940431445837020874
28	41	-0.1940431445837020874
28	42	-0.10370972007513046265
28	43	0.10370972007513046265
28	44	0.083736427128314971924
28	45	-0.083736427128314971924
28	46	0.18470536172389984131
28	47	-0.18470536172389984131
28	48	-0.10096892714500427246
28	49	0.10096892714500427246
28	98	0.026518795639276504517
28	99	-0.026518795639276504517
28	100	0.11663106828927993774
28	101	-0.11663106828927993774
28	102	-0.090112268924713134766
28	103	0.090112268924713134766
28	141	1
29	1	0.083102881908416748047
29	2	0.026934210211038589478
29	3	-0.051669191569089889526
29	4	-0.074103914201259613037
29	13	0.062540180981159210205
29	26	-0.10793587565422058105
29	27	0.10793587565422058105
29	28	-0.20424610376358032227
29	29	0.21424610912799835205
29	30	0.096310243010520935059
29	31	-0.096310243010520935059
29	32	-0.10243314504623413086
29	33	0.10243314504623413086
29	34	-0.2038135230541229248
29	35	0.2038135230541229248
29	36	0.10138037055730819702
29	37	-0.10138037055730819702
29	38	-0.090333424508571624756
29	39	0.090333424508571624756
29	40	-0.1940431445837020874
29	41	0.1940431445837020874
29	42	0.10370972007513046265
29	43	-0.10370972007513046265
29	44	-0.083736427128314971924
29	45	0.083736427128314971924
29	46	-0.18470536172389984131
29	47	0.18470536172389984131
29	48	0.10096892714500427246
29	49	-0.10096892714500427246
29	98	-0.026518795639276504517
29	99	0.026518795639276504517
29	100	-0.11663106828927993774
29	101	0.11663106828927993774
29	102	0.090112268924713134766
29	103	-0.090112268924713134766
29	141	1
30	1	0.030613366514444351196
30	2	-0.072801530361175537109
30	3	-0.12498541176319122314
30	4	-0.073754437267780303955
30	13	-0.10658355057239532471
30	26	0.17318898439407348633
30	27	-0.17318898439407348633
30	28	-0.096310243010520935059
30	29	0.096310243010520935059
30	30	0.27949920296669006348
30	31	-0.26949921250343322754
30	32	0.077274903655052185059
30	33	-0.077274903655052185059
30	34	-0.20690873265266418457
30	35	0.20690873265266418457
30	36	0.28418365120887756348
30	37	-0.28418365120887756348
30	38	-0.0092019215226173400879
30	39	0.0092019215226173400879
30	40	-0.23107388615608215332
30	41	0.23107388615608215332
30	42	0.22187197208404541016
30	43	-0.22187197208404541016
30	44	0.00023533403873443603516
30	45	-0.00023533403873443603516
30	46	-0.14464056491851806641
30	47	0.14464056491851806641
30	48	0.14487589895725250244
30	49	-0.14487589895725250244
30	98	0.059253979474306106567
30	99	-0.059253979474306106567
30	100	0.096240356564521789551
30	101	-0.096240356564521789551
30	102	-0.036986380815505981445
30	103	0.036986380815505981445
30	141	1
31	1	-0.030613366514444351196
31	2	0.072801530361175537109
31	3	0.12498541176319122314
31	4	0.073754437267780303955
31	13	0.10658355057239532471
31	26	-0.17318898439407348633
31	27	0.17318898439407348633
31	28	0.096310243010520935059
31	29	-0.096310243010520935059
31	30	-0.26949921250343322754
31	31	0.27949920296669006348
31	32	-0.077274903655052185059
31	33	0.077274903655052185059
31	34	0.20690873265266418457
31	35	-0.20690873265266418457
31	36	-0.28418365120887756348
31	37	0.28418365120887756348
31	38	0.0092019215226173400879
31	39	-0.0092019215226173400879
31	40	0.23107388615608215332
31	41	-0.23107388615608215332
31	42	-0.22187197208404541016
31	43	0.22187197208404541016
31	44	-0.00023533403873443603516
31	45	0.00023533403873443603516
31	46	0.14464056491851806641
31	47	-0.14464056491851806641
31	48	-0.14487589895725250244
31	49	0.14487589895725250244
31	98	-0.059253979474306106567
31	99	0.059253979474306106567
31	100	-0.096240356564521789551
31	101	0.096240356564521789551
31	102	0.036986380815505981445
31	103	-0.036986380815505981445
31	141	1
32	1	-0.043829943984746932983
32	2	-0.10518331080675125122
32	3	-0.089272215962409973145
32	4	-0.012007793411612510681
32	13	-0.15532943606376647949
32	26	0.17970803380012512207
32	27	-0.17970803380012512207
32	28	0.10243314504623413086
32	29	-0.10243314504623413086
32	30	0.077274903655052185059
32	31	-0.077274903655052185059
32	32	0.23248352110385894775
32	33	-0.22248351573944091797
32	34	0.14152508974075317383
32	35	-0.14152508974075317383
32	36	0.080958403646945953369
32	37	-0.080958403646945953369
32	38	0.24214343726634979248
32	39	-0.24214343726634979248
32	40	0.14671784639358520508
32	41	-0.14671784639358520508
32	42	0.095425575971603393555
32	43	-0.095425575971603393555
32	44	0.21902790665626525879
32	45	-0.21902790665626525879
32	46	0.11281867325305938721
32	47	-0.11281867325305938721
32	48	0.10620924085378646851
32	49	-0.10620924085378646851
32	98	0.10617469996213912964
32	99	-0.10617469996213912964
32	100	0.020446866750717163086
32	101	-0.020446866750717163086
32	102	0.085727818310260772705
32	103	-0.085727818310260772705
32	142	1
33	1	0.043829943984746932983
33	2	0.10518331080675125122
33	3	0.089272215962409973145
33	4	0.012007793411612510681
33	13	0.15532943606376647949
33	26	-0.17970803380012512207
33	27	0.17970803380012512207
33	28	-0.10243314504623413086
33	29	0.10243314504623413086
33	30	-0.077274903655052185059
33	31	0.077274903655052185059
33	32	-0.22248351573944091797
33	33	0.23248352110385894775
33	34	-0.14152508974075317383
33	35	0.14152508974075317383
33	36	-0.080958403646945953369
33	37	0.080958403646945953369
33	38	-0.24214343726634979248
33	39	0.24214343726634979248
33	40	-0.14671784639358520508
33	41	0.14671784639358520508
33	42	-0.095425575971603393555
33	43	0.095425575971603393555
33	44	-0.21902790665626525879
33	45	0.21902790665626525879
33	46	-0.11281867325305938721
33	47	0.11281867325305938721
33	48	-0.10620924085378646851
33	49	0.10620924085378646851
33	98	-0.10617469996213912964
33	99	0.10617469996213912964
33	100	-0.020446866750717163086
33	101	0.020446866750717163086
33	102	-0.085727818310260772705
33	103	0.085727818310260772705
33	142	1
34	1	-0.078091256320476531982
34	2	-0.024781718850135803223
34	3	0.049229715019464492798
34	4	0.069931596517562866211
34	13	-0.043951470404863357544
34	26	-0.0030952394008636474609
34	27	0.0030952394008636474609
34	28	0.2038135230541229248
34	29	-0.2038135230541229248
34	30	-0.20690873265266418457
34	31	0.20690873265266418457
34	32	0.14152508974075317383
34	33	-0.14152508974075317383
34	34	0.37080484628677368164
34	35	-0.3608048558235168457
34	36	-0.21927976608276367188
34	37	0.21927976608276367188
