2022-06-27 06:39:16.325070+0200 HaradaExperiment[2462:245203] Metal GPU Frame Capture Enabled
2022-06-27 06:39:16.325359+0200 HaradaExperiment[2462:245203] Metal API Validation Enabled
loaded: duck-color from asset catalog
loaded: duck-color from asset catalog


iteration: 0


iteration: 1


iteration: 2


iteration: 3


iteration: 4


iteration: 5


iteration: 6


iteration: 7


iteration: 8


iteration: 9


iteration: 10


iteration: 11


iteration: 12


iteration: 13


iteration: 14


iteration: 15


iteration: 16


iteration: 17


iteration: 18


iteration: 19


iteration: 20


iteration: 21


iteration: 22


iteration: 23


iteration: 24


iteration: 25


iteration: 26


iteration: 27


iteration: 28


iteration: 29


iteration: 30


iteration: 31


iteration: 32


iteration: 33


iteration: 34


iteration: 35


iteration: 36


iteration: 37


iteration: 38


iteration: 39


iteration: 40


iteration: 41


iteration: 42


iteration: 43


iteration: 44


iteration: 45


iteration: 46


iteration: 47


iteration: 48


iteration: 49


iteration: 50


iteration: 51


iteration: 52


iteration: 53


iteration: 54


iteration: 55


iteration: 56


iteration: 57


iteration: 58


iteration: 59


iteration: 60


iteration: 61


iteration: 62


iteration: 63


iteration: 64


iteration: 65


iteration: 66


iteration: 67


iteration: 68


iteration: 69


iteration: 70


iteration: 71


iteration: 72


iteration: 73


iteration: 74


iteration: 75


iteration: 76


iteration: 77


iteration: 78


iteration: 79


iteration: 80


iteration: 81


iteration: 82


iteration: 83


iteration: 84


iteration: 85


iteration: 86


iteration: 87


iteration: 88


iteration: 89


iteration: 90


iteration: 91


iteration: 92


iteration: 93


iteration: 94


iteration: 95


iteration: 96


iteration: 97


iteration: 98


iteration: 99


iteration: 100


iteration: 101


iteration: 102


iteration: 103


iteration: 104


iteration: 105


iteration: 106


iteration: 107


iteration: 108


iteration: 109


iteration: 110


iteration: 111


iteration: 112


iteration: 113


iteration: 114


iteration: 115


iteration: 116


iteration: 117


iteration: 118


iteration: 119


iteration: 120


iteration: 121


iteration: 122


iteration: 123


iteration: 124


iteration: 125


iteration: 126


iteration: 127


iteration: 128


iteration: 129


iteration: 130


iteration: 131


iteration: 132


iteration: 133


iteration: 134


iteration: 135


iteration: 136


iteration: 137


iteration: 138


iteration: 139


iteration: 140


iteration: 141


iteration: 142


iteration: 143


iteration: 144


iteration: 145


iteration: 146


iteration: 147


iteration: 148


iteration: 149


iteration: 150


iteration: 151


iteration: 152


iteration: 153


iteration: 154


iteration: 155


iteration: 156


iteration: 157


iteration: 158


iteration: 159


iteration: 160


iteration: 161


iteration: 162


iteration: 163


iteration: 164


iteration: 165


iteration: 166


iteration: 167


iteration: 168


iteration: 169


iteration: 170


iteration: 171


iteration: 172


iteration: 173


iteration: 174


iteration: 175


iteration: 176


iteration: 177


iteration: 178


iteration: 179


iteration: 180


iteration: 181


iteration: 182


iteration: 183


iteration: 184


iteration: 185


iteration: 186


iteration: 187


iteration: 188


iteration: 189


iteration: 190


iteration: 191


iteration: 192


iteration: 193


iteration: 194


iteration: 195


iteration: 196


iteration: 197
generating sample matrix BEGIN
0	0	0.20224197208881378174
0	1	0.14818429946899414062
1	0	0.14818429946899414062
1	1	0.2483088076114654541
2	2	0.33103251457214355469
2	3	0.22764585912227630615
2	4	0.13425922393798828125
2	5	-0.035305038094520568848
3	2	0.22764585912227630615
3	3	0.20402799546718597412
3	4	0.16041009128093719482
3	5	0.051920309662818908691
4	2	0.13425922393798828125
4	3	0.16041009128093719482
4	4	0.19656093418598175049
4	5	0.13914564251899719238
5	2	-0.035305038094520568848
5	3	0.051920309662818908691
5	4	0.13914564251899719238
5	5	0.24058809876441955566
6	6	0.13523572683334350586
6	7	0.081423297524452209473
7	6	0.081423297524452209473
7	7	0.13494828343391418457
8	8	0.21029089391231536865
8	9	0.2117831110954284668
8	10	0.081829890608787536621
8	11	-0.08348957449197769165
9	8	0.2117831110954284668
9	9	0.29909521341323852539
9	10	0.17463213205337524414
9	11	-0.10749290138483047485
10	8	0.081829890608787536621
10	9	0.17463213205337524414
10	10	0.25893864035606384277
10	11	-0.10787191987037658691
11	8	-0.08348957449197769165
11	9	-0.10749290138483047485
11	10	-0.10787191987037658691
11	11	0.24244776368141174316
11	12	-0.019119292497634887695
12	11	-0.019119292497634887695
12	12	0.12362071126699447632
13	13	0.11890590935945510864
14	14	0.23035402595996856689
14	15	0.16497752070426940918
14	16	0.15968558192253112793
14	17	0.043640729039907455444
14	18	0.19230978190898895264
14	19	0.13693332672119140625
14	20	0.076264955103397369385
14	21	0.015596657991409301758
14	22	-0.025870025157928466797
15	14	0.16497752070426940918
15	15	0.14729583263397216797
15	16	0.12898474931716918945
15	17	0.065310329198837280273
15	18	0.16180174052715301514
15	19	0.13412009179592132568
15	20	0.098127342760562896729
15	21	0.062134668231010437012
15	22	-0.020335698500275611877
16	14	0.15968558192253112793
16	15	0.12898474931716918945
16	16	0.15104381740093231201
16	17	0.091701224446296691895
16	18	0.11544444411993026733
16	19	0.084743618965148925781
16	20	0.066101863980293273926
16	21	0.047460120171308517456
16	22	-0.018227240070700645447
17	14	0.043640729039907455444
17	15	0.065310329198837280273
17	16	0.091701224446296691895
17	17	0.17143130302429199219
17	18	0.0080711543560028076172
17	19	0.02974068373441696167
17	20	0.077801167964935302734
17	21	0.12586158514022827148
17	22	-0.0050500510260462760925
18	14	0.19230978190898895264
18	15	0.16180174052715301514
18	16	0.11544444411993026733
18	17	0.0080711543560028076172
18	18	0.26999840140342712402
18	19	0.22949047386646270752
18	20	0.15262518823146820068
18	21	0.075760021805763244629
18	22	-0.026090206578373908997
19	14	0.13693332672119140625
19	15	0.13412009179592132568
19	16	0.084743618965148925781
19	17	0.02974068373441696167
19	18	0.22949047386646270752
19	19	0.23667733371257781982
19	20	0.17448760569095611572
19	21	0.12229801714420318604
19	22	-0.020555905997753143311
20	14	0.076264955103397369385
20	15	0.098127342760562896729
20	16	0.066101863980293273926
20	17	0.077801167964935302734
20	18	0.15262518823146820068
20	19	0.17448760569095611572
20	20	0.17432451248168945312
20	21	0.1541614532470703125
20	22	-0.012913156300783157349
21	14	0.015596657991409301758
21	15	0.062134668231010437012
21	16	0.047460120171308517456
21	17	0.12586158514022827148
21	18	0.075760021805763244629
21	19	0.12229801714420318604
21	20	0.1541614532470703125
21	21	0.1960248798131942749
21	22	-0.0052704485133290290833
22	14	-0.025870025157928466797
22	15	-0.020335698500275611877
22	16	-0.018227240070700645447
22	17	-0.0050500510260462760925
22	18	-0.026090206578373908997
22	19	-0.020555905997753143311
22	20	-0.012913156300783157349
22	21	-0.0052704485133290290833
22	22	0.27516019344329833984
22	23	0.040844745934009552002
22	24	0.0052815405651926994324
22	25	0.0056958012282848358154
22	26	0.0065288199111819267273
22	27	0.020673902705311775208
22	28	0.03315291181206703186
22	29	0.033985946327447891235
22	30	0.034818973392248153687
22	31	-0.0019960356876254081726
22	32	0.011316094547510147095
22	33	0.012149058282375335693
22	34	0.025463962927460670471
22	35	0.026294084265828132629
23	22	0.040844745934009552002
23	23	0.40487533807754516602
23	24	0.074445635080337524414
23	25	-0.00059853494167327880859
23	26	-0.075798705220222473145
23	27	0.04082566872239112854
23	28	0.30784976482391357422
23	29	0.23264983296394348145
23	30	0.15744984149932861328
23	31	-0.087624147534370422363
23	32	0.10419984161853790283
23	33	0.028999894857406616211
23	34	0.22081436216831207275
23	35	0.14562468230724334717
24	22	0.0052815405651926994324
24	23	0.074445635080337524414
24	24	0.14828148484230041504
24	25	0.10058268904685974121
24	26	0.062767364084720611572
24	27	0.033545017242431640625
24	28	0.07995338737964630127
24	29	0.042138036340475082397
24	30	0.0043226927518844604492
24	31	0.10609044879674911499
24	32	0.11468350887298583984
24	33	0.076868146657943725586
24	34	0.0854627266526222229
24	35	0.047645717859268188477
25	22	0.0056958012282848358154
25	23	-0.00059853494167327880859
25	24	0.10058268904685974121
25	25	0.15522970259189605713
25	26	0.18989592790603637695
25	27	0.15540812909603118896
25	28	0.031588040292263031006
25	29	0.076254233717918395996
25	30	0.12092038989067077637
25	31	0.17741627991199493408
25	32	0.098262429237365722656
25	33	0.14292857050895690918
25	34	0.063777893781661987305
25	35	0.10844066739082336426
26	22	0.0065288199111819267273
26	23	-0.075798705220222473145
26	24	0.062767364084720611572
26	25	0.18989592790603637695
26	26	0.32739931344985961914
26	27	0.2777563929557800293
26	28	-0.016892895102500915527
26	29	0.11061038076877593994
26	30	0.23811359703540802002
26	31	0.24880176782608032227
26	32	0.081655800342559814453
26	33	0.20915901660919189453
26	34	0.042017880827188491821
26	35	0.16951598227024078369
27	22	0.020673902705311775208
27	23	0.04082566872239112854
27	24	0.033545017242431640625
27	25	0.15540812909603118896
27	26	0.2777563929557800293
27	27	0.30453288555145263672
27	28	0.06661300361156463623
27	29	0.18896126747131347656
27	30	0.31130945682525634766
27	31	0.18119546771049499512
27	32	0.075623802840709686279
27	33	0.1979719996452331543
27	34	0.092401035130023956299
27	35	0.21474857628345489502
28	22	0.03315291181206703186
28	23	0.30784976482391357422
28	24	0.07995338737964630127
28	25	0.031588040292263031006
28	26	-0.016892895102500915527
28	27	0.06661300361156463623
28	28	0.25708037614822387695
28	29	0.19859957695007324219
28	30	0.15011876821517944336
28	31	-0.029181361198425292969
28	32	0.10280509293079376221
28	33	0.054324299097061157227
28	34	0.18630403280258178711
28	35	0.13783049583435058594
29	22	0.033985946327447891235
29	23	0.23264983296394348145
29	24	0.042138036340475082397
29	25	0.076254233717918395996
29	26	0.11061038076877593994
29	27	0.18896126747131347656
29	28	0.19859957695007324219
29	29	0.2429558485746383667
29	30	0.26731204986572265625
29	31	0.042203996330499649048
29	32	0.086198464035987854004
29	33	0.12055470794439315796
29	34	0.16454410552978515625
29	35	0.19890587031841278076
30	22	0.034818973392248153687
30	23	0.15744984149932861328
30	24	0.0043226927518844604492
30	25	0.12092038989067077637
30	26	0.23811359703540802002
30	27	0.31130945682525634766
30	28	0.15011876821517944336
30	29	0.26731204986572265625
30	30	0.39450526237487792969
30	31	0.11358933150768280029
30	32	0.069591812789440155029
30	33	0.18678507208824157715
30	34	0.14278411865234375
30	35	0.2599811553955078125
31	22	-0.0019960356876254081726
31	23	-0.087624147534370422363
31	24	0.10609044879674911499
31	25	0.17741627991199493408
31	26	0.24880176782608032227
31	27	0.18119546771049499512
31	28	-0.029181361198425292969
31	29	0.042203996330499649048
31	30	0.11358933150768280029
31	31	0.24585908651351928711
31	32	0.096867680549621582031
31	33	0.16825300455093383789
31	34	0.029267556965351104736
31	35	0.10064648836851119995
32	22	0.011316094547510147095
32	23	0.10419984161853790283
32	24	0.11468350887298583984
32	25	0.098262429237365722656
32	26	0.081655800342559814453
32	27	0.075623802840709686279
32	28	0.10280509293079376221
32	29	0.086198464035987854004
32	30	0.069591812789440155029
32	31	0.096867680549621582031
32	32	0.11744233965873718262
32	33	0.090835697948932647705
32	34	0.1014105379581451416
32	35	0.084803692996501922607
33	22	0.012149058282375335693
33	23	0.028999894857406616211
33	24	0.076868146657943725586
33	25	0.14292857050895690918
33	26	0.20915901660919189453
33	27	0.1979719996452331543
33	28	0.054324299097061157227
33	29	0.12055470794439315796
33	30	0.18678507208824157715
33	31	0.16825300455093383789
33	32	0.090835697948932647705
33	33	0.16706606745719909668
33	34	0.079650588333606719971
33	35	0.14587903022766113281
34	22	0.025463962927460670471
34	23	0.22081436216831207275
34	24	0.0854627266526222229
34	25	0.063777893781661987305
34	26	0.042017880827188491821
34	27	0.092401035130023956299
34	28	0.18630403280258178711
34	29	0.16454410552978515625
34	30	0.14278411865234375
34	31	0.029267556965351104736
34	32	0.1014105379581451416
34	33	0.079650588333606719971
34	34	0.16178962588310241699
34	35	0.13003394007682800293
35	22	0.026294084265828132629
35	23	0.14562468230724334717
35	24	0.047645717859268188477
35	25	0.10844066739082336426
35	26	0.16951598227024078369
35	27	0.21474857628345489502
35	28	0.13783049583435058594
35	29	0.19890587031841278076
35	30	0.2599811553955078125
35	31	0.10064648836851119995
35	32	0.084803692996501922607
35	33	0.14587903022766113281
35	34	0.13003394007682800293
35	35	0.2011118084192276001
q	0	-0.071895398199558258057
q	1	-0.12653709948062896729
q	2	0.39840924739837646484
q	3	0.12475448101758956909
q	4	-0.14890037477016448975
q	5	0.091494068503379821777
q	6	-0.13998952507972717285
q	7	-0.14420630037784576416
q	8	0.19548587501049041748
q	9	-0.91126513481140136719
q	10	0.14810863137245178223
q	11	-2.6464793682098388672
q	12	-0.39352256059646606445
q	13	-1.4807361364364624023
q	14	0.74838608503341674805
q	15	7.4823298454284667969
q	16	-1.3980076313018798828
q	17	3.1895422935485839844
q	18	-2.2906599044799804688
q	19	4.4432902336120605469
q	20	2.2968938350677490234
q	21	0.15049670636653900146
q	22	-0.30848801136016845703
q	23	8.18023681640625
q	24	7.7218866348266601562
q	25	9.6954622268676757812
q	26	11.709959030151367188
q	27	8.7634296417236328125
q	28	1.7879328727722167969
q	29	3.8024179935455322266
q	30	5.8169054985046386719
q	31	3.3031551837921142578
q	32	-1.657851099967956543
q	33	0.35663560032844543457
q	34	-4.604434967041015625
q	35	-2.5898900032043457031
num elements: 320
generating sample matrix END


iteration: 198


iteration: 199


iteration: 200


iteration: 201


iteration: 202


iteration: 203


iteration: 204


iteration: 205


iteration: 206


iteration: 207


iteration: 208


iteration: 209


iteration: 210


iteration: 211


iteration: 212


iteration: 213


iteration: 214


iteration: 215


iteration: 216


iteration: 217


iteration: 218


iteration: 219


iteration: 220


iteration: 221


iteration: 222


iteration: 223


iteration: 224


iteration: 225


iteration: 226


iteration: 227


iteration: 228


iteration: 229


iteration: 230


iteration: 231


iteration: 232

