2022-06-27 06:35:19.280017+0200 HaradaExperiment[2313:240518] Metal GPU Frame Capture Enabled
2022-06-27 06:35:19.280296+0200 HaradaExperiment[2313:240518] Metal API Validation Enabled
loaded: duck-color from asset catalog
loaded: duck-color from asset catalog


iteration: 0


iteration: 1


iteration: 2


iteration: 3


iteration: 4


iteration: 5


iteration: 6


iteration: 7


iteration: 8


iteration: 9


iteration: 10


iteration: 11


iteration: 12


iteration: 13


iteration: 14


iteration: 15


iteration: 16


iteration: 17


iteration: 18


iteration: 19


iteration: 20


iteration: 21


iteration: 22


iteration: 23


iteration: 24


iteration: 25


iteration: 26


iteration: 27


iteration: 28


iteration: 29


iteration: 30


iteration: 31


iteration: 32


iteration: 33


iteration: 34


iteration: 35


iteration: 36


iteration: 37


iteration: 38


iteration: 39


iteration: 40


iteration: 41


iteration: 42


iteration: 43


iteration: 44


iteration: 45


iteration: 46


iteration: 47


iteration: 48


iteration: 49


iteration: 50


iteration: 51


iteration: 52


iteration: 53


iteration: 54


iteration: 55


iteration: 56


iteration: 57


iteration: 58


iteration: 59


iteration: 60


iteration: 61


iteration: 62


iteration: 63


iteration: 64


iteration: 65


iteration: 66


iteration: 67


iteration: 68


iteration: 69


iteration: 70


iteration: 71


iteration: 72


iteration: 73


iteration: 74


iteration: 75


iteration: 76


iteration: 77


iteration: 78


iteration: 79


iteration: 80


iteration: 81


iteration: 82


iteration: 83


iteration: 84


iteration: 85


iteration: 86


iteration: 87


iteration: 88


iteration: 89


iteration: 90


iteration: 91


iteration: 92


iteration: 93


iteration: 94


iteration: 95


iteration: 96


iteration: 97


iteration: 98


iteration: 99


iteration: 100


iteration: 101


iteration: 102


iteration: 103


iteration: 104


iteration: 105


iteration: 106


iteration: 107


iteration: 108


iteration: 109


iteration: 110


iteration: 111


iteration: 112


iteration: 113


iteration: 114


iteration: 115


iteration: 116


iteration: 117


iteration: 118


iteration: 119


iteration: 120


iteration: 121


iteration: 122


iteration: 123


iteration: 124


iteration: 125


iteration: 126


iteration: 127


iteration: 128


iteration: 129


iteration: 130


iteration: 131


iteration: 132


iteration: 133


iteration: 134


iteration: 135


iteration: 136


iteration: 137


iteration: 138


iteration: 139


iteration: 140


iteration: 141


iteration: 142


iteration: 143


iteration: 144


iteration: 145


iteration: 146


iteration: 147


iteration: 148


iteration: 149


iteration: 150


iteration: 151


iteration: 152


iteration: 153


iteration: 154


iteration: 155


iteration: 156


iteration: 157


iteration: 158


iteration: 159


iteration: 160


iteration: 161


iteration: 162


iteration: 163


iteration: 164


iteration: 165


iteration: 166


iteration: 167


iteration: 168


iteration: 169


iteration: 170


iteration: 171


iteration: 172


iteration: 173


iteration: 174


iteration: 175


iteration: 176


iteration: 177


iteration: 178


iteration: 179


iteration: 180


iteration: 181


iteration: 182


iteration: 183


iteration: 184


iteration: 185


iteration: 186


iteration: 187


iteration: 188


iteration: 189


iteration: 190


iteration: 191


iteration: 192


iteration: 193


iteration: 194


iteration: 195


iteration: 196


iteration: 197


iteration: 198


iteration: 199


iteration: 200


iteration: 201


iteration: 202


iteration: 203


iteration: 204


iteration: 205


iteration: 206


iteration: 207


iteration: 208


iteration: 209


iteration: 210


iteration: 211


iteration: 212


iteration: 213


iteration: 214


iteration: 215


iteration: 216


iteration: 217


iteration: 218


iteration: 219


iteration: 220


iteration: 221


iteration: 222


iteration: 223


iteration: 224


iteration: 225


iteration: 226


iteration: 227


iteration: 228


iteration: 229


iteration: 230


iteration: 231


iteration: 232


iteration: 233


iteration: 234


iteration: 235


iteration: 236


iteration: 237


iteration: 238


iteration: 239


iteration: 240


iteration: 241


iteration: 242


iteration: 243


iteration: 244


iteration: 245


iteration: 246


iteration: 247


iteration: 248


iteration: 249


iteration: 250


iteration: 251


iteration: 252


iteration: 253


iteration: 254


iteration: 255


iteration: 256


iteration: 257


iteration: 258


iteration: 259


iteration: 260


iteration: 261


iteration: 262


iteration: 263


iteration: 264


iteration: 265


iteration: 266


iteration: 267


iteration: 268


iteration: 269


iteration: 270


iteration: 271


iteration: 272


iteration: 273


iteration: 274


iteration: 275


iteration: 276


iteration: 277


iteration: 278


iteration: 279


iteration: 280


iteration: 281


iteration: 282


iteration: 283


iteration: 284


iteration: 285


iteration: 286


iteration: 287


iteration: 288


iteration: 289


iteration: 290


iteration: 291


iteration: 292


iteration: 293


iteration: 294


iteration: 295


iteration: 296


iteration: 297


iteration: 298


iteration: 299


iteration: 300


iteration: 301


iteration: 302


iteration: 303


iteration: 304


iteration: 305


iteration: 306


iteration: 307


iteration: 308


iteration: 309


iteration: 310


iteration: 311


iteration: 312


iteration: 313


iteration: 314


iteration: 315


iteration: 316


iteration: 317


iteration: 318


iteration: 319


iteration: 320


iteration: 321


iteration: 322


iteration: 323


iteration: 324


iteration: 325


iteration: 326


iteration: 327


iteration: 328


iteration: 329


iteration: 330


iteration: 331


iteration: 332


iteration: 333


iteration: 334


iteration: 335


iteration: 336


iteration: 337


iteration: 338


iteration: 339


iteration: 340


iteration: 341


iteration: 342


iteration: 343


iteration: 344


iteration: 345


iteration: 346


iteration: 347


iteration: 348


iteration: 349


iteration: 350


iteration: 351


iteration: 352


iteration: 353


iteration: 354


iteration: 355


iteration: 356


iteration: 357


iteration: 358


iteration: 359


iteration: 360


iteration: 361


iteration: 362


iteration: 363


iteration: 364


iteration: 365


iteration: 366


iteration: 367


iteration: 368


iteration: 369


iteration: 370


iteration: 371


iteration: 372


iteration: 373


iteration: 374


iteration: 375


iteration: 376


iteration: 377


iteration: 378


iteration: 379


iteration: 380


iteration: 381


iteration: 382


iteration: 383


iteration: 384


iteration: 385


iteration: 386


iteration: 387


iteration: 388


iteration: 389


iteration: 390


iteration: 391


iteration: 392


iteration: 393


iteration: 394


iteration: 395


iteration: 396


iteration: 397


iteration: 398


iteration: 399


iteration: 400


iteration: 401


iteration: 402


iteration: 403


iteration: 404


iteration: 405


iteration: 406


iteration: 407


iteration: 408


iteration: 409


iteration: 410


iteration: 411


iteration: 412


iteration: 413


iteration: 414


iteration: 415


iteration: 416


iteration: 417


iteration: 418


iteration: 419


iteration: 420


iteration: 421


iteration: 422


iteration: 423


iteration: 424


iteration: 425


iteration: 426


iteration: 427


iteration: 428


iteration: 429


iteration: 430


iteration: 431


iteration: 432


iteration: 433


iteration: 434


iteration: 435


iteration: 436


iteration: 437


iteration: 438


iteration: 439


iteration: 440


iteration: 441


iteration: 442


iteration: 443


iteration: 444


iteration: 445


iteration: 446


iteration: 447


iteration: 448


iteration: 449


iteration: 450


iteration: 451


iteration: 452


iteration: 453


iteration: 454


iteration: 455


iteration: 456


iteration: 457


iteration: 458


iteration: 459


iteration: 460


iteration: 461


iteration: 462


iteration: 463


iteration: 464


iteration: 465


iteration: 466


iteration: 467


iteration: 468


iteration: 469


iteration: 470


iteration: 471


iteration: 472


iteration: 473


iteration: 474


iteration: 475


iteration: 476


iteration: 477


iteration: 478


iteration: 479


iteration: 480


iteration: 481


iteration: 482


iteration: 483


iteration: 484


iteration: 485


iteration: 486


iteration: 487


iteration: 488


iteration: 489


iteration: 490


iteration: 491


iteration: 492


iteration: 493


iteration: 494


iteration: 495


iteration: 496


iteration: 497


iteration: 498


iteration: 499


iteration: 500


iteration: 501


iteration: 502


iteration: 503


iteration: 504


iteration: 505


iteration: 506


iteration: 507


iteration: 508


iteration: 509


iteration: 510


iteration: 511


iteration: 512


iteration: 513


iteration: 514


iteration: 515


iteration: 516


iteration: 517


iteration: 518


iteration: 519


iteration: 520


iteration: 521


iteration: 522


iteration: 523


iteration: 524


iteration: 525


iteration: 526


iteration: 527


iteration: 528


iteration: 529


iteration: 530


iteration: 531


iteration: 532


iteration: 533


iteration: 534


iteration: 535


iteration: 536


iteration: 537


iteration: 538


iteration: 539


iteration: 540


iteration: 541


iteration: 542


iteration: 543


iteration: 544


iteration: 545


iteration: 546


iteration: 547


iteration: 548


iteration: 549


iteration: 550


iteration: 551


iteration: 552


iteration: 553


iteration: 554


iteration: 555


iteration: 556


iteration: 557


iteration: 558


iteration: 559


iteration: 560


iteration: 561


iteration: 562


iteration: 563


iteration: 564


iteration: 565


iteration: 566


iteration: 567


iteration: 568


iteration: 569


iteration: 570


iteration: 571


iteration: 572


iteration: 573


iteration: 574


iteration: 575
generating sample matrix BEGIN
0	0	0.12245294451713562012
0	11	-0.066795170307159423828
0	12	0.081974744796752929688
0	21	0.045582909137010574341
0	22	-0.010431900620460510254
0	32	-0.043598104268312454224
0	160	-0.133121490478515625
0	181	-0.089716270565986633301
1	1	0.31726545095443725586
1	2	0.21631357073783874512
1	3	0.12536157667636871338
1	4	0.083118990063667297363
1	5	-0.017472155392169952393
1	217	0.017946965992450714111
1	218	-0.0090388320386409759521
1	289	0.014881297945976257324
2	1	0.21631357073783874512
2	2	0.19562177360057830811
2	3	0.15492990612983703613
2	4	0.055478878319263458252
2	5	-0.063132457435131072998
2	217	0.042897041887044906616
2	218	0.026491470634937286377
2	289	0.025593616068363189697
3	1	0.12536157667636871338
3	2	0.15492990612983703613
3	3	0.19449818134307861328
3	4	0.027838703244924545288
3	5	-0.10879267007112503052
3	217	0.067847102880477905273
3	218	0.062021777033805847168
3	289	0.036305829882621765137
4	1	0.083118990063667297363
4	2	0.055478878319263458252
4	3	0.027838703244924545288
4	4	0.24214884638786315918
4	5	-0.018533840775489807129
4	217	0.18462775647640228271
4	218	-0.20457559823989868164
4	289	0.054959021508693695068
5	1	-0.017472155392169952393
5	2	-0.063132457435131072998
5	3	-0.10879267007112503052
5	4	-0.018533840775489807129
5	5	0.45450726151466369629
5	6	-0.11184359341859817505
5	7	-0.012522660195827484131
5	8	-0.048979885876178741455
5	217	-0.10268956422805786133
5	218	-0.11651681363582611084
5	271	0.015929952263832092285
5	287	0.066456705331802368164
5	288	0.1669534146785736084
5	289	-0.2349859774112701416
5	304	0.11318644881248474121
6	5	-0.11184359341859817505
6	6	0.19610185921192169189
6	7	0.003793857526034116745
6	8	0.038983181118965148926
6	271	0.032491784542798995972
6	287	-0.027775242924690246582
6	288	-0.073736473917961120605
6	304	0.032244753092527389526
7	5	-0.012522660195827484131
7	6	0.003793857526034116745
7	7	0.26097655296325683594
7	8	0.092667102813720703125
7	271	-0.16174660623073577881
7	287	-0.06100228428840637207
7	288	0.044239908456802368164
7	304	0.060796022415161132812
8	5	-0.048979885876178741455
8	6	0.038983181118965148926
8	7	0.092667102813720703125
8	8	0.13913203775882720947
8	271	-0.06269817054271697998
8	287	0.026993893086910247803
8	288	-0.12602636218070983887
8	304	-0.059756338596343994141
9	9	0.23760811984539031982
9	10	0.22814165055751800537
9	28	-0.027974730357527732849
9	114	0.038866925984621047974
9	154	-0.085236266255378723145
9	155	-0.15063947439193725586
9	171	0.0231913737952709198
10	9	0.22814165055751800537
10	10	0.30967023968696594238
10	28	0.0045310445129871368408
10	114	0.0063973702490329742432
10	154	-0.11383122950792312622
10	155	-0.20699964463710784912
10	171	-0.0107049550861120224
11	0	-0.066795170307159423828
11	11	0.44536769390106201172
11	12	-0.23487961292266845703
11	13	0.013900808990001678467
11	14	-0.039299488067626953125
11	15	0.154238089919090271
11	16	0.10103780031204223633
11	17	0.047837495803833007812
11	21	-0.11365538090467453003
11	22	-0.095046401023864746094
11	32	-0.081012733280658721924
11	59	-0.18378332257270812988
11	60	-0.22387214004993438721
11	113	-0.015702342614531517029
11	141	-0.11105822771787643433
11	160	0.14318476617336273193
11	181	0.14050471782684326172
12	0	0.081974744796752929688
12	11	-0.23487961292266845703
12	12	0.60182535648345947266
12	13	-0.024007156491279602051
12	14	0.053522840142250061035
12	15	-0.22825476527214050293
12	16	-0.15072476863861083984
12	17	-0.07319475710391998291
12	21	0.050903432071208953857
12	22	0.065736584365367889404
12	32	0.06818389892578125
12	59	0.15684711933135986328
12	60	0.22542612254619598389
12	113	0.074384771287441253662
12	141	0.0041050761938095092773
12	160	-0.10087545216083526611
12	181	-0.0074021918699145317078
13	11	0.013900808990001678467
13	12	-0.024007156491279602051
13	13	0.12866446375846862793
13	14	0.1491136401891708374
13	15	0.057958826422691345215
13	16	0.088407985866069793701
13	17	0.11885716021060943604
13	59	0.0062661035917699337006
13	60	0.01521493867039680481
13	113	-0.028478071093559265137
13	141	0.054440766572952270508
14	11	-0.039299488067626953125
14	12	0.053522840142250061035
14	13	0.1491136401891708374
14	14	0.24960823357105255127
14	15	-0.031618788838386535645
14	16	0.058875795453786849976
14	17	0.14937040209770202637
14	59	0.015468521043658256531
14	60	0.041504789143800735474
14	113	0.00095324590802192687988
14	141	0.10481466352939605713
15	11	0.154238089919090271
15	12	-0.22825476527214050293
15	13	0.057958826422691345215
15	14	-0.031618788838386535645
15	15	0.32085332274436950684
15	16	0.22127574682235717773
15	17	0.13169813156127929688
15	59	-0.056630462408065795898
15	60	-0.15201076865196228027
15	113	-0.022283293306827545166
15	141	-0.045093618333339691162
16	11	0.10103780031204223633
16	12	-0.15072476863861083984
16	13	0.088407985866069793701
16	14	0.058875795453786849976
16	15	0.22127574682235717773
16	16	0.20174355804920196533
16	17	0.16221135854721069336
16	59	-0.047428045421838760376
16	60	-0.12572091817855834961
16	113	0.0071480087935924530029
16	141	0.0052802599966526031494
17	11	0.047837495803833007812
17	12	-0.07319475710391998291
17	13	0.11885716021060943604
17	14	0.14937040209770202637
17	15	0.13169813156127929688
17	16	0.16221135854721069336
17	17	0.20272462069988250732
17	59	-0.038225628435611724854
17	60	-0.099431082606315612793
17	113	0.036579336971044540405
17	141	0.055654160678386688232
18	18	0.24624228477478027344
18	19	0.13968583941459655762
18	196	0.091810777783393859863
18	197	0.1022494882345199585
19	18	0.13968583941459655762
19	19	0.19191291928291320801
19	196	-0.059487447142601013184
19	197	0.0070861093699932098389
20	20	0.19600842893123626709
20	51	-0.05900122225284576416
21	0	0.045582909137010574341
21	11	-0.11365538090467453003
21	12	0.050903432071208953857
21	21	0.31913322210311889648
21	22	-0.017983306199312210083
21	23	-0.070508532226085662842
21	32	0.034060277044773101807
21	92	-0.0033018141984939575195
21	93	0.051457576453685760498
21	94	-0.065090015530586242676
21	95	-0.029093503952026367188
21	96	-0.10066941380500793457
21	97	-0.057589985430240631104
21	145	0.081962831318378448486
21	160	-0.054860074073076248169
21	181	-0.063782699406147003174
22	0	-0.010431900620460510254
22	11	-0.095046401023864746094
22	12	0.065736584365367889404
22	21	-0.017983306199312210083
22	22	0.63329792022705078125
22	23	-0.098370924592018127441
22	32	0.057502482086420059204
22	92	-0.18420660495758056641
22	93	-0.2424326092004776001
22	94	-0.019466705620288848877
22	95	-0.076948158442974090576
22	96	0.037893205881118774414
22	97	-0.1258157193660736084
22	145	-0.10272841900587081909
22	160	-0.042465329170227050781
22	181	-0.11801952868700027466
23	21	-0.070508532226085662842
23	22	-0.098370924592018127441
23	23	0.23655505478382110596
23	92	0.11304375529289245605
23	93	0.1095261499285697937
23	94	-0.11052606254816055298
23	95	-0.092939481139183044434
23	96	-0.1284767836332321167
23	97	0.11583878099918365479
23	145	0.048102699220180511475
24	24	0.25252383947372436523
25	25	0.19520795345306396484
25	26	0.011339806951582431793
25	27	0.048318304121494293213
25	40	-0.014278575778007507324
25	201	0.015167899429798126221
25	202	0.026721246540546417236
25	204	-0.026961043477058410645
25	206	0.019446209073066711426
26	25	0.011339806951582431793
26	26	0.1293096691370010376
26	27	0.14517982304096221924
26	40	-0.11455638706684112549
26	201	-0.05865363776683807373
26	202	-0.034842804074287414551
26	204	-0.05260208621621131897
26	206	-0.065580993890762329102
27	25	0.048318304121494293213
27	26	0.14517982304096221924
27	27	0.24926608800888061523
27	40	-0.1514975130558013916
27	201	-0.071656510233879089355
27	202	-0.020517125725746154785
27	204	-0.037243962287902832031
27	206	-0.055621270090341567993
28	9	-0.027974730357527732849
28	10	0.0045310445129871368408
28	28	0.35063797235488891602
28	29	0.11941666901111602783
28	30	0.097613438963890075684
28	31	0.075810194015502929688
28	98	-0.035093218088150024414
28	114	-0.12383105605840682983
28	154	0.026731962338089942932
28	155	-0.029680443927645683289
28	156	0.1423597484827041626
28	171	0.081847026944160461426
29	28	0.11941666901111602783
29	29	0.25216427445411682129
29	30	0.19227308034896850586
29	31	0.14238189160823822021
29	98	0.049200776964426040649
29	156	0.092722520232200622559
30	28	0.097613438963890075684
30	29	0.19227308034896850586
30	30	0.21897013485431671143
30	31	0.22566716372966766357
30	98	0.010259211063385009766
30	156	0.069616109132766723633
31	28	0.075810194015502929688
31	29	0.14238189160823822021
31	30	0.22566716372966766357
31	31	0.31895244121551513672
31	98	-0.028682362288236618042
31	156	0.046509690582752227783
32	0	-0.043598104268312454224
32	11	-0.081012733280658721924
32	12	0.06818389892578125
32	21	0.034060277044773101807
32	22	0.057502482086420059204
32	32	0.71554625034332275391
32	33	-0.0098751485347747802734
32	34	0.019778613001108169556
32	35	-0.076981782913208007812
32	36	-0.12758100032806396484
32	37	-0.07254374772310256958
32	38	-0.12314297258853912354
32	39	-0.17374219000339508057
32	80	-0.048084497451782226562
32	81	0.01465067639946937561
32	82	-0.11023778468370437622
32	83	-0.15972952544689178467
32	160	0.0015877187252044677734
32	179	0.13999673724174499512
32	180	0.016788098961114883423
32	181	0.13946893811225891113
33	32	-0.0098751485347747802734
33	33	0.14826329052448272705
33	34	-0.02438773028552532196
33	35	0.011344159021973609924
33	36	0.034069538116455078125
33	37	0.0016253022477030754089
33	38	0.024350676685571670532
33	39	0.04707605019211769104
33	80	-0.0004018479958176612854
33	81	-0.022088192403316497803
33	82	-0.0060256216675043106079
33	83	0.03089573979377746582
33	179	0.0069862119853496551514
33	180	-0.091663621366024017334
34	32	0.019778613001108169556
34	33	-0.02438773028552532196
34	34	0.20272749662399291992
34	35	0.11859157681465148926
34	36	0.1488402634859085083
34	37	-0.016041807830333709717
34	38	0.014206908643245697021
34	39	0.04445562511682510376
34	80	-0.063262462615966796875
34	81	-0.043980609625577926636
34	82	-0.067654341459274291992
34	83	0.1382280886173248291
34	179	-0.10618895292282104492
34	180	-0.12193040549755096436
35	32	-0.076981782913208007812
35	33	0.011344159021973609924
35	34	0.11859157681465148926
35	35	0.12839534878730773926
35	36	0.14857831597328186035
35	37	0.057833131402730941772
35	38	0.088016115128993988037
35	39	0.11819909512996673584
35	80	-0.066502779722213745117
35	81	-0.038706105202436447144
35	82	-0.036044560372829437256
35	83	0.095562040805816650391
35	179	-0.13958686590194702148
35	180	-0.047508902847766876221
36	32	-0.12758100032806396484
36	33	0.034069538116455078125
36	34	0.1488402634859085083
36	35	0.14857831597328186035
36	36	0.24880808591842651367
36	37	-0.032143250107765197754
36	38	0.058086544275283813477
36	39	0.14831635355949401855
36	80	-0.094466783106327056885
36	81	-0.031382456421852111816
36	82	-0.078680314123630523682
36	83	0.19705240428447723389
36	179	-0.23215083777904510498
36	180	-0.069284550845623016357
37	32	-0.07254374772310256958
37	33	0.0016253022477030754089
37	34	-0.016041807830333709717
37	35	0.057833131402730941772
37	36	-0.032143250107765197754
37	37	0.32166093587875366211
37	38	0.22168454527854919434
37	39	0.13170810043811798096
37	80	-0.013815071433782577515
37	81	-0.048078898340463638306
37	82	0.080836810171604156494
37	83	-0.1500848233699798584
37	179	0.012143261730670928955
37	180	0.07046397775411605835
38	32	-0.12314297258853912354
38	33	0.024350676685571670532
38	34	0.014206908643245697021
38	35	0.088016115128993988037
38	36	0.058086544275283813477
38	37	0.22168454527854919434
38	38	0.20175494253635406494
38	39	0.16182534396648406982
38	80	-0.041779078543186187744
38	81	-0.040755249559879302979
38	82	0.038201026618480682373
38	83	-0.048594422638416290283
38	179	-0.080420732498168945312
38	180	0.048688307404518127441
39	32	-0.17374219000339508057
39	33	0.04707605019211769104
39	34	0.04445562511682510376
39	35	0.11819909512996673584
39	36	0.14831635355949401855
39	37	0.13170810043811798096
39	38	0.16182534396648406982
39	39	0.20194257795810699463
39	80	-0.069743089377880096436
39	81	-0.033431600779294967651
39	82	-0.0044347476214170455933
39	83	0.052895963191986083984
39	179	-0.1729847341775894165
39	180	0.026912629604339599609
40	25	-0.014278575778007507324
40	26	-0.11455638706684112549
40	27	-0.1514975130558013916
40	40	0.51762336492538452148
40	41	-0.022003542631864547729
40	42	-0.017696842551231384277
40	43	-0.013390198349952697754
40	44	0.05910120159387588501
40	45	0.063407875597476959229
40	201	-0.0042264959774911403656
40	202	0.0074622090905904769897
40	204	-0.031963840126991271973
40	206	0.022995565086603164673
40	235	-0.058331653475761413574
40	236	-0.018989963456988334656
40	237	0.0015822574496269226074
41	40	-0.022003542631864547729
41	41	0.25748896598815917969
41	42	0.19696459174156188965
41	43	0.14644032716751098633
41	44	0.042525500059127807617
41	45	-0.0079988613724708557129
41	235	-0.1086755022406578064
41	236	-0.031188413500785827637
41	237	-0.11599636077880859375
42	40	-0.017696842551231384277
42	41	0.19696459174156188965
42	42	0.22333112359046936035
42	43	0.22969773411750793457
42	44	0.075684957206249237061
42	45	0.092051565647125244141
42	235	-0.049302056431770324707
42	236	-0.029743872582912445068
42	237	-0.14280730485916137695
43	40	-0.013390198349952697754
43	41	0.14644032716751098633
43	42	0.22969773411750793457
43	43	0.32295519113540649414
43	44	0.10884438455104827881
43	45	0.19210192561149597168
43	235	0.010071389377117156982
43	236	-0.028299294412136077881
43	237	-0.1696182936429977417
44	40	0.05910120159387588501
44	41	0.042525500059127807617
44	42	0.075684957206249237061
44	43	0.10884438455104827881
44	44	0.14164048433303833008
44	45	0.16479994356632232666
44	235	-0.056461043655872344971
44	236	-0.084401309490203857422
44	237	-0.077218592166900634766
45	40	0.063407875597476959229
45	41	-0.0079988613724708557129
45	42	0.092051565647125244141
45	43	0.19210192561149597168
45	44	0.16479994356632232666
45	45	0.27485042810440063477
45	235	0.0029124617576599121094
45	236	-0.082956738770008087158
45	237	-0.10402958840131759644
46	46	0.13453127443790435791
46	47	0.034597534686326980591
46	48	0.027181845158338546753
46	52	-0.061335302889347076416
46	186	-0.053832575678825378418
46	290	-0.038470245897769927979
46	291	-0.010106302797794342041
46	292	0.030778195708990097046
46	293	0.10045985877513885498
47	46	0.034597534686326980591
47	47	0.19245804846286773682
47	48	0.1560452878475189209
47	52	0.026821477338671684265
47	186	0.10014314204454421997
47	290	-0.1261781156063079834
47	291	-0.13748715817928314209
47	292	-0.10393937677145004272
47	293	-0.021548118442296981812
48	46	0.027181845158338546753
48	47	0.1560452878475189209
48	48	0.19966329634189605713
48	52	0.00075901858508586883545
48	186	0.070973716676235198975
48	290	-0.12274613231420516968
48	291	-0.17536266148090362549
48	292	-0.07061300426721572876
48	293	-0.01186240464448928833
49	49	0.15168035030364990234
49	50	0.08249362558126449585
49	146	0.013646859675645828247
49	147	-0.046869095414876937866
49	148	-0.077209599316120147705
49	149	0.015682645142078399658
49	195	-0.011956188827753067017
49	256	-0.00026720482856035232544
49	257	0.042713753879070281982
50	49	0.08249362558126449585
50	50	0.2266572415828704834
50	146	-0.12227182090282440186
50	147	-0.15378481149673461914
50	148	-0.047745309770107269287
50	149	0.095369949936866760254
50	195	-0.099820613861083984375
50	256	-0.07215932011604309082
50	257	0.16200566291809082031
51	20	-0.05900122225284576416
51	51	0.31671983003616333008
51	52	0.0065950136631727218628
51	118	-0.02574391290545463562
51	119	0.034785423427820205688
51	120	0.11766844987869262695
51	121	0.1913687586784362793
51	185	-0.059312902390956878662
51	187	0.0040738526731729507446
51	412	0.041158556938171386719
51	413	0.014747932553291320801
51	458	-0.10689675807952880859
51	459	-0.028393926098942756653
51	461	-0.039664983749389648438
51	462	-0.037760779261589050293
52	46	-0.061335302889347076416
52	47	0.026821477338671684265
52	48	0.00075901858508586883545
52	51	0.0065950136631727218628
52	52	0.31539815664291381836
52	118	-0.026040060445666313171
52	119	0.06245908886194229126
52	120	-0.0096903219819068908691
52	121	0.046429928392171859741
52	185	-0.097584694623947143555
52	186	0.22518630325794219971
52	187	0.1661243438720703125
52	290	-0.019382135942578315735
52	291	-0.0068723298609256744385
52	292	0.0025229863822460174561
52	293	-0.037540838122367858887
52	412	-0.062330380082130432129
52	413	0.088434591889381408691
52	458	-0.033213939517736434937
52	459	-0.14477422833442687988
52	461	-0.032125502824783325195
52	462	-0.080793857574462890625
53	53	0.19942265748977661133
53	54	0.15953803062438964844
53	55	0.14669634401798248291
53	56	0.11681172996759414673
53	57	0.074085496366024017334
53	58	0.044200882315635681152
53	170	0.012107297778129577637
53	346	0.047077547758817672729
53	347	0.016872148960828781128
53	381	-0.14091026782989501953
54	53	0.15953803062438964844
54	54	0.199720039963722229
54	55	0.057164177298545837402
54	56	0.087346166372299194336
54	57	-0.01502764970064163208
54	58	0.015154339373111724854
54	170	-0.012143306434154510498
54	346	0.052864104509353637695
54	347	-0.012140044011175632477
54	381	-0.16799223423004150391
55	53	0.14669634401798248291
55	54	0.057164177298545837402
55	55	0.24669136106967926025
55	56	0.14715920388698577881
55	57	0.23715423047542572021
55	58	0.14762210845947265625
55	170	-0.049516011029481887817
55	346	-0.007092604413628578186
55	347	0.043391320854425430298
55	381	-0.059758137911558151245
56	53	0.11681172996759414673
56	54	0.087346166372299194336
56	55	0.14715920388698577881
56	56	0.12769365310668945312
56	57	0.14804112911224365234
56	58	0.1185755804181098938
56	170	-0.073766618967056274414
56	346	-0.0013060539495199918747
56	347	0.014379133470356464386
56	381	-0.086840093135833740234
57	53	0.074085496366024017334
57	54	-0.01502764970064163208
57	55	0.23715423047542572021
57	56	0.14804112911224365234
57	57	0.32110983133316040039
57	58	0.22199673950672149658
57	170	-0.13538986444473266602
57	346	-0.055476162582635879517
57	347	0.040898311883211135864
57	381	-0.0056880041956901550293
58	53	0.044200882315635681152
58	54	0.015154339373111724854
58	55	0.14762210845947265625
58	56	0.1185755804181098938
58	57	0.22199673950672149658
58	58	0.20295022428035736084
58	170	-0.15964046120643615723
58	346	-0.049689617007970809937
58	347	0.011886128224432468414
58	381	-0.032769955694675445557
59	11	-0.18378332257270812988
59	12	0.15684711933135986328
59	13	0.0062661035917699337006
59	14	0.015468521043658256531
59	15	-0.056630462408065795898
59	16	-0.047428045421838760376
59	17	-0.038225628435611724854
59	59	0.33541893959045410156
59	60	0.38947623968124389648
59	61	0.024237323552370071411
59	62	0.006959611549973487854
59	87	-0.075077347457408905029
59	88	0.0088610146194696426392
59	113	0.008695386350154876709
59	115	0.12568347156047821045
59	116	0.15100383758544921875
59	141	0.048691324889659881592
59	159	0.0098223835229873657227
59	375	-0.079061143100261688232
59	376	-0.1010818779468536377
59	378	-0.00043643149547278881073
60	11	-0.22387214004993438721
60	12	0.22542612254619598389
60	13	0.01521493867039680481
60	14	0.041504789143800735474
60	15	-0.15201076865196228027
60	16	-0.12572091817855834961
60	17	-0.099431082606315612793
60	59	0.38947623968124389648
60	60	0.59846091270446777344
60	61	0.10581467300653457642
60	62	0.0069175823591649532318
60	87	-0.12258897721767425537
60	88	0.05077040940523147583
60	113	-0.039217397570610046387
60	115	0.14816786348819732666
60	116	0.22682873904705047607
60	141	0.054037064313888549805
60	159	-0.018265958875417709351
60	375	-0.16411769390106201172
60	376	-0.14218911528587341309
60	378	0.030878074467182159424
61	59	0.024237323552370071411
61	60	0.10581467300653457642
61	61	0.24332696199417114258
61	62	0.14054787158966064453
61	87	-0.10789861530065536499
61	88	0.015354493632912635803
61	115	-0.053390175104141235352
61	116	0.17667311429977416992
61	159	-0.040300410240888595581
61	375	-0.13105250895023345947
61	376	-0.1197511330246925354
61	378	-0.071269929409027099609
62	59	0.006959611549973487854
62	60	0.0069175823591649532318
62	61	0.14054787158966064453
62	62	0.19598601758480072021
62	87	-0.068375699222087860107
62	88	-0.1125663071870803833
62	115	-0.079871550202369689941
62	116	0.13714207708835601807
62	159	-0.0046847462654113769531
62	375	0.034209780395030975342
62	376	-0.11032192409038543701
62	378	-0.13738089799880981445
63	63	0.61903655529022216797
63	64	0.25428533554077148438
63	65	0.12483358383178710938
63	66	-0.12032220512628555298
63	67	-0.010009750723838806152
63	68	-0.10802398622035980225
63	69	-0.20603820681571960449
63	70	-0.063580445945262908936
63	172	-0.038684852421283721924
63	173	0.20365497469902038574
63	215	-0.039959877729415893555
63	216	-0.0093032289296388626099
63	220	-0.0063582165166735649109
63	226	0.15293669700622558594
63	227	0.086740210652351379395
63	253	-0.091422103345394134521
63	325	0.12724758684635162354
63	366	0.095117211341857910156
63	367	-0.0083128437399864196777
63	373	0.11692990362644195557
64	63	0.25428533554077148438
64	64	0.75628983974456787109
64	65	0.045549951493740081787
64	66	-0.54083156585693359375
64	67	-0.13293153047561645508
64	68	-0.15875802934169769287
64	69	-0.18458452820777893066
64	70	0.031411830335855484009
64	172	0.14725755155086517334
64	173	0.13842768967151641846
64	215	-0.13115260004997253418
64	216	0.057137265801429748535
64	220	-0.27171576023101806641
64	226	-0.03516171872615814209
64	227	-0.012061379849910736084
64	253	0.020737662911415100098
64	325	0.04157621040940284729
64	366	-0.16864499449729919434
64	367	0.055006340146064758301
64	373	0.18192443251609802246
65	63	0.12483358383178710938
65	64	0.045549951493740081787
65	65	0.25355288386344909668
65	66	0.10851015150547027588
65	67	-0.028912227600812911987
65	68	-0.072055533528327941895
65	69	-0.11519884318113327026
65	70	-0.054838463664054870605
65	172	-0.0089953690767288208008
65	173	0.086144059896469116211
65	215	0.0081112775951623916626
65	216	-0.0033188872039318084717
65	220	-0.061125319451093673706
65	226	-0.11467051506042480469
65	227	0.012199816294014453888
65	253	-0.059415478259325027466
65	325	0.022686604410409927368
65	366	0.039391234517097473145
65	367	0.041110396385192871094
65	373	-0.037747759371995925903
66	63	-0.12032220512628555298
66	64	-0.54083156585693359375
66	65	0.10851015150547027588
66	66	0.53812241554260253906
66	67	0.042207513004541397095
66	68	0.079478785395622253418
66	69	0.11675004661083221436
66	70	-0.082707762718200683594
66	172	-0.11236978322267532349
66	173	-0.10672134160995483398
66	215	0.11455611884593963623
66	216	-0.0368499755859375
66	220	0.16338701546192169189
66	226	-0.015935128554701805115
66	227	0.016496559605002403259
66	253	-0.091456659138202667236
66	325	0.040539473295211791992
66	366	0.14844720065593719482
66	367	0.022885395213961601257
66	373	-0.23229001462459564209
67	63	-0.010009750723838806152
67	64	-0.13293153047561645508
67	65	-0.028912227600812911987
67	66	0.042207513004541397095
67	67	0.23800064623355865479
67	68	0.18293251097202301025
67	69	0.13786438107490539551
67	70	0.083199255168437957764
67	172	-0.049906142055988311768
67	173	0.038372732698917388916
67	215	0.037667412310838699341
67	216	-0.16059026122093200684
67	220	0.085258781909942626953
67	366	0.053012773394584655762
67	367	-0.10682602226734161377
67	373	0.02488547004759311676
68	63	-0.10802398622035980225
68	64	-0.15875802934169769287
68	65	-0.072055533528327941895
68	66	0.079478785395622253418
68	67	0.18293251097202301025
68	68	0.21374917030334472656
68	69	0.22456583380699157715
68	70	0.05393053591251373291
68	172	-0.054273851215839385986
68	173	-0.017502471804618835449
68	215	0.047208938747644424438
68	216	-0.16530629992485046387
68	220	0.070378020405769348145
68	366	0.060011833906173706055
68	367	-0.071446374058723449707
68	373	-0.044130213558673858643
69	63	-0.20603820681571960449
69	64	-0.18458452820777893066
69	65	-0.11519884318113327026
69	66	0.11675004661083221436
69	67	0.13786438107490539551
69	68	0.22456583380699157715
69	69	0.32126724720001220703
69	70	0.02466182410717010498
69	172	-0.058641575276851654053
69	173	-0.073377661406993865967
69	215	0.056750465184450149536
69	216	-0.17002236843109130859
69	220	0.055497258901596069336
69	366	0.067010894417762756348
69	367	-0.036066733300685882568
69	373	-0.11314591020345687866
70	63	-0.063580445945262908936
70	64	0.031411830335855484009
70	65	-0.054838463664054870605
70	66	-0.082707762718200683594
70	67	0.083199255168437957764
70	68	0.05393053591251373291
70	69	0.02466182410717010498
70	70	0.1432946622371673584
70	172	0.068498507142066955566
70	173	-0.06766299903392791748
70	215	-0.0076710162684321403503
70	216	0.020324870944023132324
70	220	-0.0037284595891833305359
70	366	-0.13477760553359985352
70	367	-0.064355380833148956299
70	373	0.072056524455547332764
71	71	0.16945393383502960205
71	72	0.10838232934474945068
71	73	0.057310730218887329102
71	74	0.070210970938205718994
71	311	0.0085043786093592643738
71	329	-0.13046574592590332031
71	330	-0.03936931118369102478
72	71	0.10838232934474945068
72	72	0.1411339491605758667
72	73	0.15388557314872741699
72	74	-0.0046881479211151599884
72	311	0.0065518394112586975098
72	329	-0.10452076047658920288
72	330	-0.14759346842765808105
73	71	0.057310730218887329102
73	72	0.15388557314872741699
73	73	0.26046037673950195312
73	74	-0.079587258398532867432
73	311	0.0045993002131581306458
73	329	-0.078575782477855682373
73	330	-0.25581759214401245117
74	71	0.070210970938205718994
74	72	-0.0046881479211151599884
74	73	-0.079587258398532867432
74	74	0.20611174404621124268
74	311	-0.069580227136611938477
74	329	0.012706518173217773438
74	330	0.048317912966012954712
75	75	0.13547332584857940674
75	76	0.08569491654634475708
75	77	0.045916508883237838745
75	90	-0.047540977597236633301
75	91	-0.10505056381225585938
75	161	-0.034450381994247436523
75	361	-0.059800591319799423218
75	362	-0.037437759339809417725
75	363	-0.10105659067630767822
76	75	0.08569491654634475708
76	76	0.12705112993717193604
76	77	0.14840735495090484619
76	90	0.0059824753552675247192
76	91	-0.027899608016014099121
76	161	-0.081476107239723205566
76	361	-0.1259807199239730835
76	362	-0.0095127131789922714233
76	363	-0.022866524755954742432
77	75	0.045916508883237838745
77	76	0.14840735495090484619
77	77	0.26089820265769958496
77	90	0.059505924582481384277
77	91	0.049251358956098556519
77	161	-0.12850187718868255615
77	361	-0.19216084480285644531
77	362	0.018412346020340919495
77	363	0.055323585867881774902
78	78	0.37665978074073791504
78	79	-0.05855655670166015625
78	99	-0.059087157249450683594
78	100	-0.11527384817600250244
78	101	0.0015239790081977844238
78	102	0.018693704158067703247
78	157	0.030929220840334892273
78	165	0.056437347084283828735
78	166	-0.011069196276366710663
78	270	-0.12683294713497161865
78	273	0.065678894519805908203
78	275	-0.14948831498622894287
78	276	-0.13920441269874572754
78	298	-0.085726402699947357178
78	299	-0.019234843552112579346
78	300	-0.059919849038124084473
78	302	-0.0089231245219707489014
78	364	-0.028702529147267341614
78	368	0.081231445074081420898
79	78	-0.05855655670166015625
79	79	0.14681763947010040283
79	99	0.0038789492100477218628
79	100	0.0036655478179454803467
79	270	0.004012845456600189209
79	273	-0.020651664584875106812
80	32	-0.048084497451782226562
80	33	-0.0004018479958176612854
80	34	-0.063262462615966796875
80	35	-0.066502779722213745117
80	36	-0.094466783106327056885
80	37	-0.013815071433782577515
80	38	-0.041779078543186187744
80	39	-0.069743089377880096436
80	80	0.41613394021987915039
80	81	0.16631785035133361816
80	82	0.32842805981636047363
80	83	0.17410080134868621826
80	84	-0.058489989489316940308
80	85	-0.072121784090995788574
80	86	0.067717812955379486084
80	139	0.051701560616493225098
80	140	-0.14639899134635925293
80	178	0.041646461933851242065
80	179	0.14828839898109436035
80	180	-0.11370237916707992554
80	318	0.051171947270631790161
80	319	-0.0043424563482403755188
80	320	0.074026629328727722168
81	32	0.01465067639946937561
81	33	-0.022088192403316497803
81	34	-0.043980609625577926636
81	35	-0.038706105202436447144
81	36	-0.031382456421852111816
81	37	-0.048078898340463638306
81	38	-0.040755249559879302979
81	39	-0.033431600779294967651
81	80	0.16631785035133361816
81	81	0.26067048311233520508
81	82	0.11329615861177444458
81	83	0.1053272634744644165
81	84	0.025550311431288719177
81	85	0.030319737270474433899
81	86	0.061264581978321075439
81	139	-0.10801789164543151855
81	140	-0.028556343168020248413
81	178	0.03474887460470199585
81	179	0.0087122693657875061035
81	180	0.04034145548939704895
81	318	-0.0056441524066030979156
81	319	-0.0042015700601041316986
81	320	-0.05770173296332359314
82	32	-0.11023778468370437622
82	33	-0.0060256216675043106079
82	34	-0.067654341459274291992
82	35	-0.036044560372829437256
82	36	-0.078680314123630523682
82	37	0.080836810171604156494
82	38	0.038201026618480682373
82	39	-0.0044347476214170455933
82	80	0.32842805981636047363
82	81	0.11329615861177444458
82	82	0.46718612313270568848
82	83	0.18363191187381744385
82	84	-0.066725239157676696777
82	85	-0.039342314004898071289
82	86	-0.018414018675684928894
82	139	0.059205748140811920166
82	140	-0.086974993348121643066
82	178	0.040190864354372024536
82	179	0.11349862068891525269
82	180	-0.073013976216316223145
82	318	0.064601011574268341064
82	319	0.0095996204763650894165
82	320	0.051841285079717636108
83	32	-0.15972952544689178467
83	33	0.03089573979377746582
83	34	0.1382280886173248291
83	35	0.095562040805816650391
83	36	0.19705240428447723389
83	37	-0.1500848233699798584
83	38	-0.048594422638416290283
83	39	0.052895963191986083984
83	80	0.17410080134868621826
83	81	0.1053272634744644165
83	82	0.18363191187381744385
83	83	0.55664849281311035156
83	84	-0.088066130876541137695
83	85	0.030536506325006484985
83	86	-0.030898738652467727661
83	139	-0.031885035336017608643
83	140	0.015364266932010650635
83	178	0.08868198096752166748
83	179	-0.11746270209550857544
83	180	-0.24263469874858856201
83	318	0.16784785687923431396
83	319	0.044916450977325439453
