2022-06-27 06:37:02.676195+0200 HaradaExperiment[2349:241849] Metal GPU Frame Capture Enabled
2022-06-27 06:37:02.677763+0200 HaradaExperiment[2349:241849] Metal API Validation Enabled
loaded: duck-color from asset catalog
loaded: duck-color from asset catalog


iteration: 0


iteration: 1


iteration: 2


iteration: 3


iteration: 4


iteration: 5


iteration: 6


iteration: 7


iteration: 8


iteration: 9


iteration: 10


iteration: 11


iteration: 12


iteration: 13


iteration: 14


iteration: 15


iteration: 16


iteration: 17


iteration: 18


iteration: 19


iteration: 20


iteration: 21


iteration: 22


iteration: 23


iteration: 24


iteration: 25


iteration: 26


iteration: 27


iteration: 28


iteration: 29


iteration: 30


iteration: 31


iteration: 32


iteration: 33


iteration: 34


iteration: 35


iteration: 36


iteration: 37


iteration: 38


iteration: 39


iteration: 40


iteration: 41


iteration: 42


iteration: 43


iteration: 44


iteration: 45


iteration: 46


iteration: 47


iteration: 48


iteration: 49


iteration: 50


iteration: 51


iteration: 52


iteration: 53


iteration: 54


iteration: 55


iteration: 56


iteration: 57


iteration: 58


iteration: 59


iteration: 60


iteration: 61


iteration: 62


iteration: 63


iteration: 64


iteration: 65


iteration: 66


iteration: 67


iteration: 68


iteration: 69


iteration: 70


iteration: 71


iteration: 72


iteration: 73


iteration: 74


iteration: 75


iteration: 76


iteration: 77


iteration: 78


iteration: 79


iteration: 80


iteration: 81


iteration: 82


iteration: 83


iteration: 84


iteration: 85


iteration: 86


iteration: 87


iteration: 88


iteration: 89


iteration: 90


iteration: 91


iteration: 92


iteration: 93


iteration: 94


iteration: 95


iteration: 96


iteration: 97


iteration: 98


iteration: 99


iteration: 100


iteration: 101


iteration: 102


iteration: 103


iteration: 104


iteration: 105


iteration: 106


iteration: 107


iteration: 108


iteration: 109


iteration: 110


iteration: 111


iteration: 112


iteration: 113


iteration: 114


iteration: 115


iteration: 116


iteration: 117


iteration: 118


iteration: 119


iteration: 120


iteration: 121


iteration: 122


iteration: 123


iteration: 124


iteration: 125


iteration: 126


iteration: 127


iteration: 128


iteration: 129


iteration: 130


iteration: 131


iteration: 132


iteration: 133


iteration: 134


iteration: 135


iteration: 136


iteration: 137


iteration: 138


iteration: 139


iteration: 140


iteration: 141


iteration: 142


iteration: 143


iteration: 144


iteration: 145


iteration: 146


iteration: 147


iteration: 148


iteration: 149


iteration: 150


iteration: 151


iteration: 152


iteration: 153


iteration: 154


iteration: 155


iteration: 156


iteration: 157


iteration: 158


iteration: 159


iteration: 160


iteration: 161


iteration: 162


iteration: 163


iteration: 164


iteration: 165


iteration: 166


iteration: 167


iteration: 168


iteration: 169


iteration: 170


iteration: 171


iteration: 172


iteration: 173


iteration: 174


iteration: 175


iteration: 176


iteration: 177


iteration: 178


iteration: 179


iteration: 180


iteration: 181


iteration: 182


iteration: 183


iteration: 184


iteration: 185


iteration: 186


iteration: 187


iteration: 188


iteration: 189


iteration: 190


iteration: 191


iteration: 192


iteration: 193


iteration: 194


iteration: 195


iteration: 196


iteration: 197


iteration: 198


iteration: 199


iteration: 200


iteration: 201


iteration: 202


iteration: 203


iteration: 204


iteration: 205


iteration: 206


iteration: 207


iteration: 208


iteration: 209


iteration: 210


iteration: 211


iteration: 212


iteration: 213


iteration: 214


iteration: 215


iteration: 216


iteration: 217


iteration: 218


iteration: 219


iteration: 220


iteration: 221


iteration: 222


iteration: 223


iteration: 224


iteration: 225


iteration: 226


iteration: 227


iteration: 228


iteration: 229


iteration: 230


iteration: 231


iteration: 232


iteration: 233


iteration: 234


iteration: 235


iteration: 236


iteration: 237


iteration: 238


iteration: 239


iteration: 240


iteration: 241


iteration: 242


iteration: 243


iteration: 244


iteration: 245


iteration: 246


iteration: 247


iteration: 248


iteration: 249


iteration: 250


iteration: 251


iteration: 252


iteration: 253


iteration: 254


iteration: 255


iteration: 256


iteration: 257


iteration: 258


iteration: 259


iteration: 260


iteration: 261


iteration: 262


iteration: 263


iteration: 264


iteration: 265


iteration: 266


iteration: 267


iteration: 268


iteration: 269


iteration: 270


iteration: 271


iteration: 272


iteration: 273


iteration: 274


iteration: 275


iteration: 276


iteration: 277


iteration: 278


iteration: 279


iteration: 280


iteration: 281


iteration: 282


iteration: 283


iteration: 284


iteration: 285


iteration: 286


iteration: 287


iteration: 288


iteration: 289


iteration: 290


iteration: 291


iteration: 292


iteration: 293


iteration: 294


iteration: 295


iteration: 296


iteration: 297


iteration: 298


iteration: 299


iteration: 300


iteration: 301


iteration: 302


iteration: 303


iteration: 304


iteration: 305


iteration: 306


iteration: 307


iteration: 308


iteration: 309


iteration: 310


iteration: 311


iteration: 312


iteration: 313


iteration: 314


iteration: 315


iteration: 316


iteration: 317


iteration: 318


iteration: 319


iteration: 320


iteration: 321


iteration: 322


iteration: 323


iteration: 324


iteration: 325


iteration: 326


iteration: 327


iteration: 328


iteration: 329


iteration: 330


iteration: 331


iteration: 332


iteration: 333


iteration: 334


iteration: 335


iteration: 336


iteration: 337


iteration: 338


iteration: 339


iteration: 340


iteration: 341


iteration: 342


iteration: 343


iteration: 344


iteration: 345


iteration: 346


iteration: 347


iteration: 348


iteration: 349


iteration: 350


iteration: 351


iteration: 352


iteration: 353


iteration: 354


iteration: 355


iteration: 356


iteration: 357


iteration: 358


iteration: 359


iteration: 360


iteration: 361


iteration: 362


iteration: 363


iteration: 364


iteration: 365


iteration: 366


iteration: 367


iteration: 368


iteration: 369


iteration: 370


iteration: 371


iteration: 372


iteration: 373


iteration: 374


iteration: 375


iteration: 376


iteration: 377


iteration: 378


iteration: 379


iteration: 380


iteration: 381


iteration: 382


iteration: 383


iteration: 384


iteration: 385


iteration: 386


iteration: 387


iteration: 388


iteration: 389


iteration: 390


iteration: 391


iteration: 392


iteration: 393


iteration: 394


iteration: 395


iteration: 396


iteration: 397


iteration: 398


iteration: 399


iteration: 400


iteration: 401


iteration: 402


iteration: 403


iteration: 404


iteration: 405


iteration: 406


iteration: 407


iteration: 408


iteration: 409


iteration: 410


iteration: 411


iteration: 412


iteration: 413


iteration: 414


iteration: 415


iteration: 416


iteration: 417


iteration: 418


iteration: 419


iteration: 420


iteration: 421


iteration: 422


iteration: 423


iteration: 424


iteration: 425


iteration: 426


iteration: 427


iteration: 428


iteration: 429


iteration: 430


iteration: 431


iteration: 432


iteration: 433


iteration: 434


iteration: 435


iteration: 436


iteration: 437


iteration: 438


iteration: 439


iteration: 440


iteration: 441


iteration: 442


iteration: 443


iteration: 444


iteration: 445


iteration: 446


iteration: 447


iteration: 448


iteration: 449


iteration: 450


iteration: 451


iteration: 452
generating sample matrix BEGIN
0	0	0.15403585135936737061
0	1	0.099802695214748382568
0	2	0.055569555610418319702
0	3	0.085578911006450653076
0	4	0.041345767676830291748
0	110	0.038205377757549285889
0	120	-0.027056667953729629517
0	121	-0.12454959750175476074
0	122	-0.1019582897424697876
0	124	-0.037514653056859970093
1	0	0.099802695214748382568
1	1	0.13256224989891052246
1	2	0.14532178640365600586
1	3	0.058647278696298599243
1	4	0.081406824290752410889
1	110	0.041738614439964294434
1	120	-0.052558872848749160767
1	121	-0.070069365203380584717
1	122	-0.040596321225166320801
1	124	-0.073578119277954101562
2	0	0.055569555610418319702
2	1	0.14532178640365600586
2	2	0.24507403373718261719
2	3	0.03171564638614654541
2	4	0.12146788835525512695
2	110	0.04527185484766960144
2	120	-0.078061074018478393555
2	121	-0.015589140355587005615
2	122	0.020765651017427444458
2	124	-0.10964158177375793457
3	0	0.085578911006450653076
3	1	0.058647278696298599243
3	2	0.03171564638614654541
3	3	0.23217909038066864014
3	4	0.19524744153022766113
3	110	0.049268499016761779785
3	120	-0.075997501611709594727
3	121	-0.14735902845859527588
3	122	0.023097008466720581055
3	124	0.045587271451950073242
4	0	0.041345767676830291748
4	1	0.081406824290752410889
4	2	0.12146788835525512695
4	3	0.19524744153022766113
4	4	0.24530850350856781006
4	110	0.05280173569917678833
4	120	-0.1014997139573097229
4	121	-0.09287878870964050293
4	122	0.084458976984024047852
4	124	0.0095238089561462402344
5	5	0.13821624219417572021
5	6	0.16062819957733154297
5	7	0.11020471900701522827
5	60	-0.042394723743200302124
5	126	-0.0067201219499111175537
5	127	-0.078008629381656646729
5	128	-0.12574450671672821045
5	141	-0.058395031839609146118
6	5	0.16062819957733154297
6	6	0.27043527364730834961
6	7	0.19273027777671813965
6	60	-0.0012150965631008148193
6	126	0.061610162258148193359
6	127	-0.0048885643482208251953
6	128	-0.17926645278930664062
6	141	-0.093523211777210235596
7	5	0.11020471900701522827
7	6	0.19273027777671813965
7	7	0.32801657915115356445
7	60	0.043755684047937393188
7	126	-0.077210739254951477051
7	127	0.090139575302600860596
7	128	-0.039668541401624679565
7	141	-0.088249802589416503906
8	8	0.13795021176338195801
8	9	0.021567856892943382263
8	59	-0.032672137022018432617
8	73	0.078645639121532440186
8	75	0.032199949026107788086
9	8	0.021567856892943382263
9	9	0.23301962018013000488
9	59	0.083545282483100891113
9	73	-0.063558869063854217529
9	75	-0.21178704500198364258
10	10	0.13877466320991516113
10	229	-0.11751870810985565186
11	11	0.24148231744766235352
11	12	0.14345967769622802734
11	13	0.09819567948579788208
11	20	-0.0045783277601003646851
11	21	0.031774505972862243652
11	158	-0.026109861209988594055
11	206	-0.082558408379554748535
12	11	0.14345967769622802734
12	12	0.20177344977855682373
12	13	-0.007505677640438079834
12	20	0.018870841711759567261
12	21	0.022771904245018959045
12	158	0.021177513524889945984
12	206	-0.16312348842620849609
13	11	0.09819567948579788208
13	12	-0.007505677640438079834
13	13	0.27555942535400390625
13	20	-0.086973562836647033691
13	21	-0.093279384076595306396
13	158	0.091583639383316040039
13	206	0.02674390748143196106
14	14	0.14885653555393218994
14	15	0.084747731685638427734
15	14	0.084747731685638427734
15	15	0.23384524881839752197
16	16	0.31668865680694580078
16	17	0.21364016830921173096
16	18	0.1205916479229927063
16	19	-0.063084371387958526611
16	39	-0.014538712799549102783
16	40	0.059435501694679260254
16	41	0.097835950553417205811
16	42	-0.15260028839111328125
16	43	-0.062007583677768707275
16	44	-0.17164584994316101074
16	45	-0.15940123796463012695
16	147	-0.035106427967548370361
16	148	0.027767213061451911926
16	149	-0.031054591760039329529
17	16	0.21364016830921173096
17	17	0.19137655198574066162
17	18	0.14911296963691711426
17	19	-0.040193527936935424805
17	39	-0.026534970849752426147
17	40	-0.057246323674917221069
17	41	0.028517670929431915283
17	42	-0.13017600774765014648
17	43	-0.086177088320255279541
17	44	-0.18698056042194366455
17	45	-0.11188387125730514526
17	147	-0.0096826665103435516357
17	148	0.0018901191651821136475
17	149	-0.071354687213897705078
18	16	0.1205916479229927063
18	17	0.14911296963691711426
18	18	0.18763433396816253662
18	19	-0.017302699387073516846
18	39	-0.038531199097633361816
18	40	-0.17392820119857788086
18	41	-0.040800590068101882935
18	42	-0.10775174200534820557
18	43	-0.11034660041332244873
18	44	-0.20231533050537109375
18	45	-0.064366489648818969727
18	147	0.015741132199764251709
18	148	-0.02398701012134552002
18	149	-0.11165484786033630371
19	16	-0.063084371387958526611
19	17	-0.040193527936935424805
19	18	-0.017302699387073516846
19	19	0.17712885141372680664
19	39	0.0012782178819179534912
19	40	0.00044538499787449836731
19	41	-0.0010981038212776184082
19	42	-0.016857102513313293457
19	43	-0.03407589346170425415
19	44	0.021360579878091812134
19	45	0.027684254571795463562
19	147	-0.042406916618347167969
19	148	-0.0246134195476770401
19	149	-0.02334952913224697113
20	11	-0.0045783277601003646851
20	12	0.018870841711759567261
20	13	-0.086973562836647033691
20	20	0.59248852729797363281
20	21	0.17646673321723937988
20	22	0.033807605504989624023
20	23	-0.04242387041449546814
20	24	-0.12481696158647537231
20	25	-0.052397780120372772217
20	26	0.016460932791233062744
20	27	0.020021408796310424805
20	29	0.071766763925552368164
20	158	-0.31683620810508728027
20	206	-0.026747770607471466064
21	11	0.031774505972862243652
21	12	0.022771904245018959045
21	13	-0.093279384076595306396
21	20	0.17646673321723937988
21	21	0.46000701189041137695
21	22	0.0066383890807628631592
21	23	-0.076489418745040893555
21	24	-0.20980745553970336914
21	25	-0.12218829989433288574
21	26	-0.19162344932556152344
21	27	-0.034569155424833297729
21	29	0.0072895493358373641968
21	158	-0.19515404105186462402
21	206	-0.0021235868334770202637
22	20	0.033807605504989624023
22	21	0.0066383890807628631592
22	22	0.14742590487003326416
22	23	0.10306722670793533325
22	24	-0.032998010516166687012
22	25	0.00091635523131117224693
22	26	0.0026818993501365184784
22	27	0.03483071550726890564
22	29	-0.0076290937140583992004
23	20	-0.04242387041449546814
23	21	-0.076489418745040893555
23	22	0.10306722670793533325
23	23	0.15252928435802459717
23	24	0.039275076240301132202
23	25	-0.00076062558218836784363
23	26	-0.002199160400778055191
23	27	-0.040796324610710144043
23	29	-0.0071851825341582298279
24	20	-0.12481696158647537231
24	21	-0.20980745553970336914
24	22	-0.032998010516166687012
24	23	0.039275076240301132202
24	24	0.20213057100772857666
24	25	0.11797192692756652832
24	26	0.14779484272003173828
24	27	0.043813280761241912842
24	29	-0.052383631467819213867
25	20	-0.052397780120372772217
25	21	-0.12218829989433288574
25	22	0.00091635523131117224693
25	23	-0.00076062558218836784363
25	24	0.11797192692756652832
25	25	0.12807413935661315918
25	26	0.14793407917022705078
25	27	0.11817634850740432739
25	29	-0.052076991647481918335
26	20	0.016460932791233062744
26	21	-0.19162344932556152344
26	22	0.0026818993501365184784
26	23	-0.002199160400778055191
26	24	0.14779484272003173828
26	25	0.14793407917022705078
26	26	0.24783249199390411377
26	27	0.14807333052158355713
26	29	-0.06817512214183807373
27	20	0.020021408796310424805
27	21	-0.034569155424833297729
27	22	0.03483071550726890564
27	23	-0.040796324610710144043
27	24	0.043813280761241912842
27	25	0.11817634850740432739
27	26	0.14807333052158355713
27	27	0.2025394141674041748
27	29	-0.051770351827144622803
28	28	0.22542685270309448242
28	46	0.0095150806009769439697
28	47	0.032480649650096893311
28	49	-0.011854913085699081421
28	50	-0.022986352443695068359
28	51	-0.06131563335657119751
28	90	-0.13883841037750244141
28	91	0.083603322505950927734
28	142	-0.1728226393461227417
29	20	0.071766763925552368164
29	21	0.0072895493358373641968
29	22	-0.0076290937140583992004
29	23	-0.0071851825341582298279
29	24	-0.052383631467819213867
29	25	-0.052076991647481918335
29	26	-0.06817512214183807373
29	27	-0.051770351827144622803
29	29	0.302074432373046875
29	30	-0.037689153105020523071
29	31	-0.038711823523044586182
29	32	0.11820517480373382568
29	33	0.11528073251247406006
29	34	0.11235624551773071289
29	194	0.12502364814281463623
29	195	-0.16966149210929870605
29	197	-0.045462574809789657593
29	199	-0.23557251691818237305
30	29	-0.037689153105020523071
30	30	0.19205510616302490234
30	31	0.14202505350112915039
30	32	-0.027497045695781707764
30	33	-0.0029351543635129928589
30	34	0.021626740694046020508
30	194	-0.15500631928443908691
30	195	0.0021571330726146697998
30	197	0.001283993944525718689
30	199	0.11858448386192321777
31	29	-0.038711823523044586182
31	30	0.14202505350112915039
31	31	0.24179728329181671143
31	32	0.02837714366614818573
31	33	-0.038759373128414154053
31	34	-0.10589589178562164307
31	194	-0.21709233522415161133
31	195	0.039356496185064315796
31	197	0.13158082962036132812
31	199	0.15156917273998260498
32	29	0.11820517480373382568
32	30	-0.027497045695781707764
32	31	0.02837714366614818573
32	32	0.240167275071144104
32	33	0.18160496652126312256
32	34	0.13304261863231658936
32	194	0.03194923698902130127
32	195	-0.13736803829669952393
32	197	-0.0085400044918060302734
32	199	-0.13164985179901123047
33	29	0.11528073251247406006
33	30	-0.0029351543635129928589
33	31	-0.038759373128414154053
33	32	0.18160496652126312256
33	33	0.20895244181156158447
33	34	0.21629987657070159912
33	194	0.074270382523536682129
33	195	-0.16097198426723480225
33	197	-0.10551078617572784424
33	199	-0.15105637907981872559
34	29	0.11235624551773071289
34	30	0.021626740694046020508
34	31	-0.10589589178562164307
34	32	0.13304261863231658936
34	33	0.21629987657070159912
34	34	0.30955708026885986328
34	194	0.11659150570631027222
34	195	-0.18457588553428649902
34	197	-0.2024815976619720459
34	199	-0.17046284675598144531
35	35	0.22400666773319244385
35	36	-0.080346062779426574707
35	37	0.017637595534324645996
35	58	-0.10071042180061340332
35	72	-0.078945644199848175049
35	125	0.058850523084402084351
36	35	-0.080346062779426574707
36	36	0.24067758023738861084
36	37	-0.10771516710519790649
36	58	-0.077662386000156402588
36	72	-0.067365974187850952148
36	125	-0.13677522540092468262
37	35	0.017637595534324645996
37	36	-0.10771516710519790649
37	37	0.37146627902984619141
37	48	-0.080540724098682403564
37	55	0.062445729970932006836
37	56	0.059775523841381072998
37	58	-0.078566215932369232178
37	72	0.038596492260694503784
37	125	0.12844982743263244629
37	129	0.067883178591728210449
38	38	0.22019022703170776367
39	16	-0.014538712799549102783
39	17	-0.026534970849752426147
39	18	-0.038531199097633361816
39	19	0.0012782178819179534912
39	39	0.55158686637878417969
39	40	0.035185504704713821411
39	41	0.26156657934188842773
39	42	0.085829809308052062988
39	43	-0.17151954770088195801
39	44	0.13202941417694091797
39	45	0.35017287731170654297
39	147	0.030317906290292739868
39	148	-0.13167914748191833496
39	149	-0.12936764955520629883
39	193	-0.089695662260055541992
39	240	-0.060242079198360443115
39	241	0.029905553907155990601
40	16	0.059435501694679260254
40	17	-0.057246323674917221069
40	18	-0.17392820119857788086
40	19	0.00044538499787449836731
40	39	0.035185504704713821411
40	40	0.4955234527587890625
40	41	0.28498500585556030273
40	42	0.057696744799613952637
40	43	0.26184991002082824707
40	44	0.26406463980674743652
40	45	0.039820887148380279541
40	147	0.012005276978015899658
40	148	0.096337251365184783936
40	149	0.1840591132640838623
40	193	-0.03317883610725402832
40	240	-0.15894582867622375488
40	241	-0.15128216147422790527
41	16	0.097835950553417205811
41	17	0.028517670929431915283
41	18	-0.040800590068101882935
41	19	-0.0010981038212776184082
41	39	0.26156657934188842773
41	40	0.28498500585556030273
41	41	0.49013635516166687012
41	42	-0.049430720508098602295
41	43	0.11749215424060821533
41	44	0.027630906552076339722
41	45	0.21230643987655639648
41	147	0.10075146704912185669
41	148	-0.095140799880027770996
41	149	-0.093937441706657409668
41	193	-0.020707014948129653931
41	240	-0.17626237869262695312
41	241	-0.15789863467216491699
42	16	-0.15260028839111328125
42	17	-0.13017600774765014648
42	18	-0.10775174200534820557
42	19	-0.016857102513313293457
42	39	0.085829809308052062988
42	40	0.057696744799613952637
42	41	-0.049430720508098602295
42	42	0.29968345165252685547
42	43	0.13999181985855102539
42	44	0.26342004537582397461
42	45	0.15519723296165466309
42	147	0.018706664443016052246
42	148	-0.0057260654866695404053
42	149	0.045169863849878311157
42	193	-0.10824701935052871704
42	240	0.023686118423938751221
42	241	0.01359704136848449707
43	16	-0.062007583677768707275
43	17	-0.086177088320255279541
43	18	-0.11034660041332244873
43	19	-0.03407589346170425415
43	39	-0.17151954770088195801
43	40	0.26184991002082824707
43	41	0.11749215424060821533
43	42	0.13999181985855102539
43	43	0.38799583911895751953
43	44	0.15880352258682250977
43	45	0.012817241251468658447
43	147	0.065803997218608856201
43	148	0.037295959889888763428
43	149	0.091867536306381225586
43	193	-0.032905749976634979248
43	240	-0.11453143507242202759
43	241	-0.17170214653015136719
44	16	-0.17164584994316101074
44	17	-0.18698056042194366455
44	18	-0.20231533050537109375
44	19	0.021360579878091812134
44	39	0.13202941417694091797
44	40	0.26406463980674743652
44	41	0.027630906552076339722
44	42	0.26342004537582397461
44	43	0.15880352258682250977
44	44	0.45743918418884277344
44	45	0.213825225830078125
44	147	-0.029571369290351867676
44	148	0.09046252816915512085
44	149	0.19732457399368286133
44	193	-0.11827316880226135254
44	240	-0.12469515949487686157
44	241	-0.076818645000457763672
45	16	-0.15940123796463012695
45	17	-0.11188387125730514526
45	18	-0.064366489648818969727
45	19	0.027684254571795463562
45	39	0.35017287731170654297
45	40	0.039820887148380279541
45	41	0.21230643987655639648
45	42	0.15519723296165466309
45	43	0.012817241251468658447
45	44	0.213825225830078125
45	45	0.41961228847503662109
45	147	0.060986828058958053589
45	148	-0.10359184443950653076
45	149	-0.085331454873085021973
45	193	-0.10738047212362289429
45	240	-0.16150256991386413574
45	241	-0.09925435483455657959
46	28	0.0095150806009769439697
46	46	0.63597345352172851562
46	47	-0.125917777419090271
46	48	-0.086858741939067840576
46	49	0.56462347507476806641
46	50	0.33884418010711669922
46	51	0.26237830519676208496
46	52	0.03775491565465927124
46	53	0.07650219649076461792
46	54	-0.0084209926426410675049
46	64	0.058382943272590637207
46	70	-0.13065853714942932129
46	90	0.03826923668384552002
46	91	0.093764945864677429199
46	97	0.030285380780696868896
46	142	0.036083262413740158081
47	28	0.032480649650096893311
47	46	-0.125917777419090271
47	47	0.43739050626754760742
47	48	0.13823805749416351318
47	49	-0.02520177885890007019
47	50	-0.31262993812561035156
47	51	-0.21755811572074890137
47	52	0.07736657559871673584
47	53	0.11373194307088851929
47	54	-0.0051774494349956512451
47	64	-0.012507831677794456482
47	70	0.084366068243980407715
47	90	-0.098722539842128753662
47	91	-0.071366369724273681641
47	97	0.095373064279556274414
47	142	-0.023687794804573059082
48	37	-0.080540724098682403564
48	46	-0.086858741939067840576
48	47	0.13823805749416351318
48	48	0.48518955707550048828
48	49	-0.041108898818492889404
48	50	-0.082636274397373199463
48	51	-0.038357377052307128906
48	52	0.065612860023975372314
48	53	0.05638079717755317688
48	54	0.019985111430287361145
48	55	0.0030576456338167190552
48	56	-0.019175663590431213379
48	64	-0.12160152196884155273
48	70	-0.020697027444839477539
48	97	0.24904692173004150391
48	129	-0.14664010703563690186
49	28	-0.011854913085699081421
49	46	0.56462347507476806641
49	47	-0.02520177885890007019
49	48	-0.041108898818492889404
49	49	0.63506102561950683594
49	50	0.33693051338195800781
49	51	0.38219493627548217773
49	52	0.099241390824317932129
49	53	0.14877408742904663086
49	54	-0.02117104455828666687
49	64	0.12913811206817626953
49	70	-0.088054172694683074951
49	90	0.016821533441543579102
49	91	0.036542467772960662842
49	97	0.11942940950393676758
49	142	0.098816037178039550781
50	28	-0.022986352443695068359
50	46	0.33884418010711669922
50	47	-0.31262993812561035156
50	48	-0.082636274397373199463
50	49	0.33693051338195800781
50	50	0.60049605369567871094
50	51	0.58197295665740966797
50	52	-0.023550290614366531372
50	53	-0.068370677530765533447
50	54	0.013941936194896697998
50	64	0.034255452454090118408
50	70	-0.12027052044868469238
50	90	0.027696557343006134033
50	91	0.022889845073223114014
50	97	0.036393016576766967773
50	142	0.10534345358610153198
51	28	-0.06131563335657119751
51	46	0.26237830519676208496
51	47	-0.21755811572074890137
51	48	-0.038357377052307128906
51	49	0.38219493627548217773
51	50	0.58197295665740966797
51	51	0.71122115850448608398
51	52	0.027821607887744903564
51	53	0.0050049796700477600098
51	54	-0.017555400729179382324
51	64	0.1175068393349647522
51	70	-0.077083274722099304199
51	90	0.017144210636615753174
51	91	-0.042791657149791717529
51	97	0.12299888581037521362
51	142	0.17466107010841369629
52	46	0.03775491565465927124
52	47	0.07736657559871673584
52	48	0.065612860023975372314
52	49	0.099241390824317932129
52	50	-0.023550290614366531372
52	51	0.027821607887744903564
52	52	0.2002970576286315918
52	53	0.16082462668418884277
52	54	0.14669209718704223633
52	64	-0.051996707916259765625
52	70	0.047983366996049880981
52	97	0.082872450351715087891
53	46	0.07650219649076461792
53	47	0.11373194307088851929
53	48	0.05638079717755317688
53	49	0.14877408742904663086
53	50	-0.068370677530765533447
53	51	0.0050049796700477600098
53	52	0.16082462668418884277
53	53	0.20139150321483612061
53	54	0.05733151361346244812
53	64	0.025108270347118377686
53	70	0.042643953114748001099
53	97	0.088997736573219299316
54	46	-0.0084209926426410675049
54	47	-0.0051774494349956512451
54	48	0.019985111430287361145
54	49	-0.02117104455828666687
54	50	0.013941936194896697998
54	51	-0.017555400729179382324
54	52	0.14669209718704223633
54	53	0.05733151361346244812
54	54	0.2462269514799118042
54	64	-0.20128807425498962402
54	70	0.0082879131659865379333
54	97	-0.024450540542602539062
55	37	0.062445729970932006836
55	48	0.0030576456338167190552
55	55	0.48687568306922912598
55	56	0.25934070348739624023
55	57	-0.019732937216758728027
55	74	-0.091257706284523010254
55	129	-0.0090664736926555633545
55	184	-0.045575071126222610474
56	37	0.059775523841381072998
56	48	-0.019175663590431213379
56	55	0.25934070348739624023
56	56	0.25240623950958251953
56	57	-0.051478002220392227173
56	74	-0.045133091509342193604
56	129	-0.017030673101544380188
56	184	0.013845855370163917542
57	55	-0.019732937216758728027
57	56	-0.051478002220392227173
57	57	0.13957259058952331543
57	74	-0.016831796616315841675
57	184	-0.081762999296188354492
58	35	-0.10071042180061340332
58	36	-0.077662386000156402588
58	37	-0.078566215932369232178
58	58	0.53589570522308349609
58	59	0.084006398916244506836
58	60	-0.10947874188423156738
58	61	0.014005381613969802856
58	62	0.090682990849018096924
58	63	0.16736066341400146484
58	72	0.070777624845504760742
58	125	-0.019350484013557434082
59	8	-0.032672137022018432617
59	9	0.083545282483100891113
59	58	0.084006398916244506836
59	59	0.38318017125129699707
59	60	-0.010185264050960540771
59	61	-0.10212735086679458618
59	62	-0.050214231014251708984
59	63	0.0016988813877105712891
59	73	-0.050219677388668060303
59	75	-0.012730505317449569702
60	5	-0.042394723743200302124
60	6	-0.0012150965631008148193
60	7	0.043755684047937393188
60	58	-0.10947874188423156738
60	59	-0.010185264050960540771
60	60	0.41147813200950622559
60	61	-0.017117634415626525879
60	62	-0.050010815262794494629
60	63	-0.082903936505317687988
60	126	-0.01660948432981967926
60	127	0.078248418867588043213
60	128	0.1181850433349609375
60	141	-0.085557281970977783203
61	58	0.014005381613969802856
61	59	-0.10212735086679458618
61	60	-0.017117634415626525879
61	61	0.15158888697624206543
61	62	0.095228537917137145996
61	63	0.048868224024772644043
62	58	0.090682990849018096924
62	59	-0.050214231014251708984
62	60	-0.050010815262794494629
62	61	0.095228537917137145996
62	62	0.13226178288459777832
62	63	0.14929506182670593262
63	58	0.16736066341400146484
63	59	0.0016988813877105712891
63	60	-0.082903936505317687988
63	61	0.048868224024772644043
63	62	0.14929506182670593262
63	63	0.25972187519073486328
64	46	0.058382943272590637207
64	47	-0.012507831677794456482
64	48	-0.12160152196884155273
64	49	0.12913811206817626953
64	50	0.034255452454090118408
64	51	0.1175068393349647522
64	52	-0.051996707916259765625
64	53	0.025108270347118377686
64	54	-0.20128807425498962402
64	64	0.62303602695465087891
64	70	0.067739956080913543701
64	77	0.089696861803531646729
64	80	-0.19952286779880523682
64	97	0.026901591569185256958
64	155	0.15760046243667602539
65	65	0.24403654038906097412
65	66	0.14545792341232299805
65	67	0.23423425853252410889
65	68	0.1456556469202041626
65	69	0.031672228127717971802
65	112	-0.03257276490330696106
65	113	0.028188144788146018982
65	177	-0.035162806510925292969
65	178	-0.041888318955898284912
65	182	0.095458969473838806152
66	65	0.14545792341232299805
66	66	0.12686021625995635986
66	67	0.14578559994697570801
66	68	0.11718787252902984619
66	69	0.010325143113732337952
66	112	-0.0096145989373326301575
66	113	0.010387533344328403473
66	177	-0.058218374848365783691
66	178	-0.066933996975421905518
66	182	0.017327729612588882446
67	65	0.23423425853252410889
67	66	0.14578559994697570801
67	67	0.31716591119766235352
67	68	0.21871724724769592285
67	69	0.059116858989000320435
67	112	-0.016737420111894607544
67	113	-0.010360411368310451508
67	177	-0.15178114175796508789
67	178	-0.012383095920085906982
67	182	0.063432991504669189453
68	65	0.1456556469202041626
68	66	0.11718787252902984619
68	67	0.21871724724769592285
68	68	0.20024947822093963623
68	69	0.037769772112369537354
68	112	0.0062207477167248725891
68	113	-0.028161032125353813171
68	177	-0.17483672499656677246
68	178	-0.03742877766489982605
68	182	-0.014698285609483718872
69	65	0.031672228127717971802
69	66	0.010325143113732337952
69	67	0.059116858989000320435
69	68	0.037769772112369537354
69	69	0.13627029955387115479
69	112	0.038494884967803955078
69	113	0.03048655390739440918
69	177	-0.0094508668407797813416
69	178	-0.042371209710836410522
69	182	-0.025596998631954193115
70	46	-0.13065853714942932129
70	47	0.084366068243980407715
70	48	-0.020697027444839477539
70	49	-0.088054172694683074951
70	50	-0.12027052044868469238
70	51	-0.077083274722099304199
70	52	0.047983366996049880981
70	53	0.042643953114748001099
70	54	0.0082879131659865379333
70	64	0.067739956080913543701
70	70	0.35338565707206726074
70	71	-0.066387765109539031982
70	97	-0.021791577339172363281
71	70	-0.066387765109539031982
71	71	0.25838685035705566406
72	35	-0.078945644199848175049
72	36	-0.067365974187850952148
72	37	0.038596492260694503784
72	58	0.070777624845504760742
72	72	0.29130160808563232422
72	73	0.070169299840927124023
72	74	0.04035352170467376709
72	75	-0.076583892107009887695
72	125	0.0097613474354147911072
73	8	0.078645639121532440186
73	9	-0.063558869063854217529
73	59	-0.050219677388668060303
73	72	0.070169299840927124023
73	73	0.5369319915771484375
73	74	0.12855608761310577393
73	75	0.15577375888824462891
74	55	-0.091257706284523010254
74	56	-0.045133091509342193604
74	57	-0.016831796616315841675
74	72	0.04035352170467376709
74	73	0.12855608761310577393
74	74	0.50735670328140258789
74	75	-0.024787690490484237671
74	184	-0.040003150701522827148
75	8	0.032199949026107788086
75	9	-0.21178704500198364258
75	59	-0.012730505317449569702
75	72	-0.076583892107009887695
75	73	0.15577375888824462891
75	74	-0.024787690490484237671
75	75	0.54141974449157714844
76	76	0.53405845165252685547
76	101	-0.058820262551307678223
76	102	-0.11690160632133483887
76	103	-0.07530844956636428833
76	104	-0.01494703441858291626
76	105	0.019186036661267280579
76	106	0.021689713001251220703
76	107	0.050796799361705780029
76	108	-0.055561896413564682007
76	131	-0.063102647662162780762
76	132	0.097337082028388977051
76	133	-0.072295226156711578369
76	134	0.018634337931871414185
76	135	-0.22044271230697631836
76	139	-0.046957567334175109863
76	171	0.040629222989082336426
76	172	0.011546663939952850342
76	175	-0.053582336753606796265
76	176	-0.023752413690090179443
76	179	-0.037443943321704864502
76	187	-0.075166165828704833984
76	210	-0.0091280192136764526367
77	64	0.089696861803531646729
77	77	0.60965418815612792969
77	78	0.027029594406485557556
77	79	-0.024621196091175079346
77	80	-0.18346685171127319336
77	81	0.031000208109617233276
77	82	0.012358108535408973694
77	83	-0.083220571279525756836
77	155	0.2029673457145690918
78	77	0.027029594406485557556
78	78	0.52788907289505004883
78	79	0.35425302386283874512
78	80	-0.026573874056339263916
78	81	-0.0042432248592376708984
78	82	-0.13434308767318725586
78	83	-0.013838513754308223724
79	77	-0.024621196091175079346
79	78	0.35425302386283874512
79	79	0.57319223880767822266
79	80	-0.0010494701564311981201
79	81	-0.025776177644729614258
79	82	-0.13388133049011230469
79	83	0.10550425946712493896
80	64	-0.19952286779880523682
80	77	-0.18346685171127319336
80	78	-0.026573874056339263916
80	79	-0.0010494701564311981201
80	80	0.60518193244934082031
80	81	-0.024654168635606765747
80	82	-0.033619109541177749634
80	83	-0.063403241336345672607
80	155	-0.30334511399269104004
81	77	0.031000208109617233276
81	78	-0.0042432248592376708984
81	79	-0.025776177644729614258
81	80	-0.024654168635606765747
81	81	0.15412972867488861084
81	82	0.097117692232131958008
81	83	-0.0062316926196217536926
82	77	0.012358108535408973694
82	78	-0.13434308767318725586
82	79	-0.13388133049011230469
82	80	-0.033619109541177749634
82	81	0.097117692232131958008
82	82	0.13362520933151245117
82	83	-0.006481517106294631958
83	77	-0.083220571279525756836
83	78	-0.013838513754308223724
83	79	0.10550425946712493896
83	80	-0.063403241336345672607
83	81	-0.0062316926196217536926
83	82	-0.006481517106294631958
83	83	0.22083027660846710205
84	84	0.19853073358535766602
84	156	0.00059880316257476806641
84	157	-0.12356255948543548584
85	85	0.24587836861610412598
85	86	-0.031834572553634643555
85	87	0.23578052222728729248
85	88	0.1465428471565246582
85	89	0.057305153459310531616
85	92	-0.18221634626388549805
85	93	-0.0078175887465476989746
85	94	0.01500024646520614624
85	146	-0.11418601125478744507
86	85	-0.031834572553634643555
86	86	0.25072994828224182129
86	87	-0.032163918018341064453
86	88	0.058690965175628662109
86	89	0.14954584836959838867
86	92	0.031009048223495483398
86	93	-0.16906584799289703369
86	94	-0.17773082852363586426
86	146	0.099630169570446014404
87	85	0.23578052222728729248
87	86	-0.032163918018341064453
87	87	0.31898194551467895508
87	88	0.21966713666915893555
87	89	0.13035230338573455811
87	92	-0.22443257272243499756
87	93	-0.11504197865724563599
87	94	-0.024286065250635147095
87	146	-0.15027689933776855469
88	85	0.1465428471565246582
88	86	0.058690965175628662109
88	87	0.21966713666915893555
88	88	0.20038318634033203125
88	89	0.16109922528266906738
88	92	-0.15335740149021148682
88	93	-0.16879142820835113525
88	94	-0.08852978050708770752
88	146	-0.079004839062690734863
89	85	0.057305153459310531616
89	86	0.14954584836959838867
89	87	0.13035230338573455811
89	88	0.16109922528266906738
89	89	0.2018461376428604126
89	92	-0.082282245159149169922
89	93	-0.22254088521003723145
89	94	-0.15277349948883056641
89	146	-0.0077327499166131019592
90	28	-0.13883841037750244141
90	46	0.03826923668384552002
90	47	-0.098722539842128753662
90	49	0.016821533441543579102
90	50	0.027696557343006134033
90	51	0.017144210636615753174
90	90	0.48147988319396972656
90	91	0.2461954653263092041
90	142	0.15451683104038238525
90	143	-0.22123380005359649658
90	163	0.0085308626294136047363
90	207	-0.029546879231929779053
91	28	0.083603322505950927734
91	46	0.093764945864677429199
91	47	-0.071366369724273681641
91	49	0.036542467772960662842
91	50	0.022889845073223114014
91	51	-0.042791657149791717529
91	90	0.2461954653263092041
91	91	0.59916454553604125977
91	142	0.032219242304563522339
91	143	-0.14525946974754333496
91	163	0.028480462729930877686
91	207	-0.043602570891380310059
92	85	-0.18221634626388549805
92	86	0.031009048223495483398
92	87	-0.22443257272243499756
92	88	-0.15335740149021148682
92	89	-0.082282245159149169922
92	92	0.37700110673904418945
92	93	0.13176992535591125488
92	94	0.066848769783973693848
92	95	0.064250163733959197998
92	109	-0.009062722325325012207
92	145	0.041098859161138534546
92	146	0.16806159913539886475
92	200	-0.0048026125878095626831
92	233	0.010312892496585845947
93	85	-0.0078175887465476989746
93	86	-0.16906584799289703369
93	87	-0.11504197865724563599
93	88	-0.16879142820835113525
93	89	-0.22254088521003723145
93	92	0.13176992535591125488
93	93	0.49106505513191223145
93	94	0.37279292941093444824
93	95	-0.013638202100992202759
93	109	-0.030620694160461425781
93	145	0.071704745292663574219
93	146	-0.026811119168996810913
93	200	-0.10695418715476989746
93	233	-0.013201656751334667206
94	85	0.01500024646520614624
94	86	-0.17773082852363586426
94	87	-0.024286065250635147095
94	88	-0.08852978050708770752
94	89	-0.15277349948883056641
94	92	0.066848769783973693848
94	93	0.37279292941093444824
94	94	0.40850719809532165527
94	95	0.026580922305583953857
94	109	-0.010372735559940338135
94	145	0.15795160830020904541
94	146	-0.065638408064842224121
94	200	-0.12025663256645202637
94	233	0.0051370249129831790924
95	92	0.064250163733959197998
95	93	-0.013638202100992202759
95	94	0.026580922305583953857
95	95	0.22113832831382751465
95	109	0.16233709454536437988
95	145	0.023630894720554351807
95	200	-0.023257646709680557251
95	233	0.0012501105666160583496
96	96	0.31297528743743896484
96	97	-0.084660395979881286621
97	46	0.030285380780696868896
97	47	0.095373064279556274414
97	48	0.24904692173004150391
97	49	0.11942940950393676758
97	50	0.036393016576766967773
97	51	0.12299888581037521362
97	52	0.082872450351715087891
97	53	0.088997736573219299316
97	54	-0.024450540542602539062
97	64	0.026901591569185256958
97	70	-0.021791577339172363281
97	96	-0.084660395979881286621
97	97	0.48487487435340881348
98	98	0.13778354227542877197
98	99	0.087086223065853118896
98	100	0.046388912945985794067
98	191	-0.045418798923492431641
99	98	0.087086223065853118896
99	99	0.1263497769832611084
99	100	0.14561331272125244141
99	191	-0.098690614104270935059
100	98	0.046388912945985794067
100	99	0.14561331272125244141
100	100	0.25483772158622741699
100	191	-0.15196242928504943848
101	76	-0.058820262551307678223
101	101	0.54911279678344726562
101	102	0.46856886148452758789
101	103	0.20969447493553161621
101	104	-0.11376688629388809204
101	105	0.0030508078634738922119
101	106	-0.40095978975296020508
101	107	-0.0088546816259622573853
101	108	0.098268188536167144775
101	134	0.008950319141149520874
101	175	0.014160972088575363159
101	176	0.083478145301342010498
101	179	0.085506305098533630371
101	218	0.011887516826391220093
102	76	-0.11690160632133483887
102	101	0.46856886148452758789
102	102	0.63744634389877319336
102	103	0.33659949898719787598
102	104	0.092090614140033721924
102	105	-0.019059859216213226318
102	106	-0.22530955076217651367
102	107	-0.20434589684009552002
102	108	0.016334969550371170044
102	134	0.035638574510812759399
102	175	-0.030032316222786903381
102	176	0.0059565142728388309479
102	179	0.11574828624725341797
102	218	-0.055522710084915161133
103	76	-0.07530844956636428833
103	101	0.20969447493553161621
103	102	0.33659949898719787598
103	103	0.45940840244293212891
103	104	0.16905444860458374023
103	105	0.11233022063970565796
103	106	0.068966388702392578125
103	107	-0.19997650384902954102
103	108	-0.041031025350093841553
103	134	-0.055030118674039840698
103	175	-0.031062273308634757996
103	176	-0.10493220388889312744
103	179	0.028460187837481498718
103	218	0.027151558548212051392
104	76	-0.01494703441858291626
104	101	-0.11376688629388809204
104	102	0.092090614140033721924
104	103	0.16905444860458374023
104	104	0.52296674251556396484
104	105	-0.076985374093055725098
104	106	0.23037609457969665527
104	107	-0.27716922760009765625
104	108	-0.1352052837610244751
104	134	0.070505604147911071777
104	175	-0.022513803094625473022
104	176	-0.080306455492973327637
