2022-06-27 06:37:43.394377+0200 HaradaExperiment[2383:242900] Metal GPU Frame Capture Enabled
2022-06-27 06:37:43.394654+0200 HaradaExperiment[2383:242900] Metal API Validation Enabled
loaded: duck-color from asset catalog
loaded: duck-color from asset catalog


iteration: 0


iteration: 1


iteration: 2


iteration: 3


iteration: 4


iteration: 5


iteration: 6


iteration: 7


iteration: 8


iteration: 9


iteration: 10


iteration: 11


iteration: 12


iteration: 13


iteration: 14


iteration: 15


iteration: 16


iteration: 17


iteration: 18


iteration: 19


iteration: 20


iteration: 21


iteration: 22


iteration: 23


iteration: 24


iteration: 25


iteration: 26


iteration: 27


iteration: 28


iteration: 29


iteration: 30


iteration: 31


iteration: 32


iteration: 33


iteration: 34


iteration: 35


iteration: 36


iteration: 37


iteration: 38


iteration: 39


iteration: 40


iteration: 41


iteration: 42


iteration: 43


iteration: 44


iteration: 45


iteration: 46


iteration: 47


iteration: 48


iteration: 49


iteration: 50


iteration: 51


iteration: 52


iteration: 53


iteration: 54


iteration: 55


iteration: 56


iteration: 57


iteration: 58


iteration: 59


iteration: 60


iteration: 61


iteration: 62


iteration: 63


iteration: 64


iteration: 65


iteration: 66


iteration: 67


iteration: 68


iteration: 69


iteration: 70


iteration: 71


iteration: 72


iteration: 73


iteration: 74


iteration: 75


iteration: 76


iteration: 77


iteration: 78


iteration: 79


iteration: 80


iteration: 81


iteration: 82


iteration: 83


iteration: 84


iteration: 85


iteration: 86


iteration: 87


iteration: 88


iteration: 89


iteration: 90


iteration: 91


iteration: 92


iteration: 93


iteration: 94


iteration: 95


iteration: 96


iteration: 97


iteration: 98


iteration: 99


iteration: 100


iteration: 101


iteration: 102


iteration: 103


iteration: 104


iteration: 105


iteration: 106


iteration: 107


iteration: 108


iteration: 109


iteration: 110


iteration: 111


iteration: 112


iteration: 113


iteration: 114


iteration: 115


iteration: 116


iteration: 117


iteration: 118


iteration: 119


iteration: 120


iteration: 121


iteration: 122


iteration: 123


iteration: 124


iteration: 125


iteration: 126


iteration: 127


iteration: 128


iteration: 129


iteration: 130


iteration: 131


iteration: 132


iteration: 133


iteration: 134


iteration: 135


iteration: 136


iteration: 137


iteration: 138


iteration: 139


iteration: 140


iteration: 141


iteration: 142


iteration: 143


iteration: 144


iteration: 145


iteration: 146


iteration: 147


iteration: 148


iteration: 149


iteration: 150


iteration: 151


iteration: 152


iteration: 153


iteration: 154


iteration: 155


iteration: 156


iteration: 157


iteration: 158


iteration: 159


iteration: 160


iteration: 161


iteration: 162


iteration: 163


iteration: 164


iteration: 165


iteration: 166


iteration: 167


iteration: 168


iteration: 169


iteration: 170


iteration: 171


iteration: 172


iteration: 173


iteration: 174


iteration: 175


iteration: 176


iteration: 177


iteration: 178


iteration: 179


iteration: 180


iteration: 181


iteration: 182


iteration: 183


iteration: 184


iteration: 185


iteration: 186


iteration: 187


iteration: 188


iteration: 189


iteration: 190


iteration: 191


iteration: 192


iteration: 193


iteration: 194


iteration: 195


iteration: 196


iteration: 197


iteration: 198


iteration: 199


iteration: 200


iteration: 201


iteration: 202


iteration: 203


iteration: 204


iteration: 205


iteration: 206


iteration: 207


iteration: 208


iteration: 209


iteration: 210


iteration: 211


iteration: 212


iteration: 213


iteration: 214


iteration: 215


iteration: 216


iteration: 217


iteration: 218


iteration: 219


iteration: 220


iteration: 221


iteration: 222


iteration: 223


iteration: 224


iteration: 225


iteration: 226


iteration: 227


iteration: 228


iteration: 229


iteration: 230


iteration: 231


iteration: 232


iteration: 233


iteration: 234


iteration: 235


iteration: 236


iteration: 237


iteration: 238


iteration: 239


iteration: 240


iteration: 241


iteration: 242


iteration: 243


iteration: 244


iteration: 245


iteration: 246


iteration: 247


iteration: 248


iteration: 249


iteration: 250


iteration: 251


iteration: 252


iteration: 253


iteration: 254


iteration: 255


iteration: 256


iteration: 257


iteration: 258


iteration: 259


iteration: 260


iteration: 261


iteration: 262


iteration: 263


iteration: 264


iteration: 265


iteration: 266


iteration: 267


iteration: 268


iteration: 269


iteration: 270


iteration: 271


iteration: 272


iteration: 273


iteration: 274


iteration: 275


iteration: 276


iteration: 277


iteration: 278


iteration: 279


iteration: 280


iteration: 281


iteration: 282


iteration: 283


iteration: 284


iteration: 285


iteration: 286


iteration: 287


iteration: 288


iteration: 289


iteration: 290


iteration: 291


iteration: 292


iteration: 293


iteration: 294


iteration: 295


iteration: 296


iteration: 297


iteration: 298


iteration: 299


iteration: 300


iteration: 301


iteration: 302


iteration: 303


iteration: 304


iteration: 305


iteration: 306


iteration: 307


iteration: 308


iteration: 309


iteration: 310


iteration: 311


iteration: 312


iteration: 313


iteration: 314


iteration: 315


iteration: 316


iteration: 317


iteration: 318


iteration: 319


iteration: 320


iteration: 321


iteration: 322


iteration: 323


iteration: 324


iteration: 325


iteration: 326


iteration: 327


iteration: 328


iteration: 329
generating sample matrix BEGIN
0	0	0.2319984734058380127
0	21	0.12666888535022735596
0	65	-0.064693629741668701172
1	1	0.30735743045806884766
1	2	0.21131618320941925049
1	3	0.023376751691102981567
1	33	-0.09662577509880065918
1	95	-0.045119725167751312256
2	1	0.21131618320941925049
2	2	0.22822372615337371826
2	3	0.0052480949088931083679
2	33	-0.10574269294738769531
2	95	0.039244890213012695312
3	1	0.023376751691102981567
3	2	0.0052480949088931083679
3	3	0.11915725469589233398
3	33	-0.050611522048711776733
3	95	-0.09582217782735824585
4	4	0.35462591052055358887
4	6	0.073135294020175933838
4	7	0.10880069434642791748
4	8	0.039911650121212005615
4	9	0.043563608080148696899
4	15	0.0014290437102317810059
4	16	-0.15124474465847015381
4	69	0.097816079854965209961
4	70	0.0080710044130682945251
4	71	0.0050874389708042144775
5	5	0.19461563229560852051
5	53	0.0097252614796161651611
5	64	-0.00038363039493560791016
5	66	0.025038514286279678345
5	67	-0.011036243289709091187
5	100	0.18939056992530822754
6	4	0.073135294020175933838
6	6	0.48092287778854370117
6	7	0.098766654729843139648
6	8	0.26754721999168395996
6	9	0.24403914809226989746
6	10	-0.032247044146060943604
6	11	0.043614447116851806641
6	15	-0.044610079377889633179
6	16	-0.13123472034931182861
6	94	0.068605512380599975586
7	4	0.10880069434642791748
7	6	0.098766654729843139648
7	7	0.45931863784790039062
7	8	0.073824509978294372559
7	9	0.12197937071323394775
7	10	0.060548599809408187866
7	11	-0.0030881501734256744385
7	15	-0.033332835882902145386
7	16	-0.14974713325500488281
7	94	0.23350384831428527832
8	4	0.039911650121212005615
8	6	0.26754721999168395996
8	7	0.073824509978294372559
8	8	0.45959877967834472656
8	9	0.078684836626052856445
8	10	-0.06139165535569190979
8	11	-0.016461104154586791992
8	15	-0.073321059346199035645
8	16	-0.00053432583808898925781
8	94	0.063152074813842773438
9	4	0.043563608080148696899
9	6	0.24403914809226989746
9	7	0.12197937071323394775
9	8	0.078684836626052856445
9	9	0.28003424406051635742
9	10	-0.040164135396480560303
9	11	-0.029702007770538330078
9	15	-0.065917134284973144531
9	16	-0.10629845410585403442
9	94	0.070807218551635742188
10	6	-0.032247044146060943604
10	7	0.060548599809408187866
10	8	-0.06139165535569190979
10	9	-0.040164135396480560303
10	10	0.28279197216033935547
10	11	0.19653421640396118164
10	94	0.076163947582244873047
11	6	0.043614447116851806641
11	7	-0.0030881501734256744385
11	8	-0.016461104154586791992
11	9	-0.029702007770538330078
11	10	0.19653421640396118164
11	11	0.22543825209140777588
11	94	-0.0076335836201906204224
12	12	0.17540661990642547607
12	27	-0.004961240570992231369
12	28	0.04081646353006362915
12	77	-0.079412318766117095947
13	13	0.16913726925849914551
13	14	0.003500302555039525032
13	76	-0.078970924019813537598
13	90	-0.12819331884384155273
14	13	0.003500302555039525032
14	14	0.11814824491739273071
14	76	-0.02311595529317855835
14	90	0.022817004472017288208
15	4	0.0014290437102317810059
15	6	-0.044610079377889633179
15	7	-0.033332835882902145386
15	8	-0.073321059346199035645
15	9	-0.065917134284973144531
15	15	0.3612143397331237793
15	16	0.016599357128143310547
15	17	-0.041916381567716598511
15	18	-0.080607712268829345703
15	19	-0.031069636344909667969
15	72	0.07516047358512878418
15	97	-0.09431552886962890625
16	4	-0.15124474465847015381
16	6	-0.13123472034931182861
16	7	-0.14974713325500488281
16	8	-0.00053432583808898925781
16	9	-0.10629845410585403442
16	15	0.016599357128143310547
16	16	0.43397104740142822266
16	17	-0.037116285413503646851
16	18	0.012628428637981414795
16	19	-0.019513715058565139771
16	72	0.051459699869155883789
16	97	-0.0039337836205959320068
17	15	-0.041916381567716598511
17	16	-0.037116285413503646851
17	17	0.2303511500358581543
17	18	0.21253043413162231445
17	19	0.12921668589115142822
17	72	-0.1007490009069442749
17	97	0.058837801218032836914
18	15	-0.080607712268829345703
18	16	0.012628428637981414795
18	17	0.21253043413162231445
18	18	0.28069975972175598145
18	19	0.18747079372406005859
18	72	-0.13585427403450012207
18	97	0.032804317772388458252
19	15	-0.031069636344909667969
19	16	-0.019513715058565139771
19	17	0.12921668589115142822
19	18	0.18747079372406005859
19	19	0.17396175861358642578
19	72	-0.1153845563530921936
19	97	-0.02646599896252155304
20	20	0.48939758539199829102
20	21	-0.13211683928966522217
20	22	0.018765393644571304321
20	23	-0.036435920745134353638
20	37	-0.098675042390823364258
20	38	-0.14653024077415466309
21	0	0.12666888535022735596
21	20	-0.13211683928966522217
21	21	0.54810392856597900391
21	22	-0.020168319344520568848
21	23	-0.064335800707340240479
21	37	0.024635693058371543884
21	38	0.094690188765525817871
21	65	-0.044143110513687133789
22	20	0.018765393644571304321
22	21	-0.020168319344520568848
22	22	0.30242931842803955078
22	23	0.21148370206356048584
22	37	0.0054506929591298103333
22	38	0.0084141883999109268188
23	20	-0.036435920745134353638
23	21	-0.064335800707340240479
23	22	0.21148370206356048584
23	23	0.45893421769142150879
23	37	0.043550807982683181763
23	38	-0.048635598272085189819
24	24	0.19051449000835418701
24	25	0.1536693274974822998
24	26	0.058775909245014190674
24	58	-0.046271629631519317627
24	59	-0.078421473503112792969
24	101	-0.018695462495088577271
25	24	0.1536693274974822998
25	25	0.1964922100305557251
25	26	0.15177679061889648438
25	58	-0.044472865760326385498
25	59	0.005552422255277633667
25	101	0.00038355961441993713379
26	24	0.058775909245014190674
26	25	0.15177679061889648438
26	26	0.25828206539154052734
26	58	-0.070860378444194793701
26	59	0.17377848923206329346
26	101	-0.0083491355180740356445
27	12	-0.004961240570992231369
27	27	0.49992141127586364746
27	28	-0.081071145832538604736
27	29	0.025072265416383743286
27	30	0.0089767351746559143066
27	31	-0.099342077970504760742
27	32	-0.045172251760959625244
27	40	0.020466560497879981995
27	77	0.054524235427379608154
28	12	0.04081646353006362915
28	27	-0.081071145832538604736
28	28	0.38467967510223388672
28	29	-0.060156699270009994507
28	30	-0.07336495816707611084
28	31	0.0090685151517391204834
28	32	-0.11604646593332290649
28	40	0.034293964505195617676
28	77	-0.11920823156833648682
29	27	0.025072265416383743286
29	28	-0.060156699270009994507
29	29	0.179742470383644104
29	30	0.14352934062480926514
29	31	0.074087135493755340576
29	32	0.088535241782665252686
29	40	0.055272787809371948242
30	27	0.0089767351746559143066
30	28	-0.07336495816707611084
30	29	0.14352934062480926514
30	30	0.18765659630298614502
30	31	0.010859368368983268738
30	32	0.033174384385347366333
30	40	-0.035606428980827331543
31	27	-0.099342077970504760742
31	28	0.0090685151517391204834
31	29	0.074087135493755340576
31	30	0.010859368368983268738
31	31	0.30078917741775512695
31	32	0.17549297213554382324
31	40	0.038608506321907043457
32	27	-0.045172251760959625244
32	28	-0.11604646593332290649
32	29	0.088535241782665252686
32	30	0.033174384385347366333
32	31	0.17549297213554382324
32	32	0.25924384593963623047
32	40	-0.029926471412181854248
33	1	-0.09662577509880065918
33	2	-0.10574269294738769531
33	3	-0.050611522048711776733
33	33	0.45215067267417907715
33	34	-0.15948116779327392578
33	95	0.00087072746828198432922
34	33	-0.15948116779327392578
34	34	0.22658866643905639648
35	35	0.30151230096817016602
35	36	0.019688919186592102051
35	57	-0.12002289295196533203
35	87	-0.19876277446746826172
35	88	-0.080025754868984222412
36	35	0.019688919186592102051
36	36	0.15066395699977874756
36	57	0.024295940995216369629
36	87	-0.053949177265167236328
36	88	-0.048205476254224777222
37	20	-0.098675042390823364258
37	21	0.024635693058371543884
37	22	0.0054506929591298103333
37	23	0.043550807982683181763
37	37	0.41604632139205932617
37	38	0.19723232090473175049
37	39	-0.077136650681495666504
38	20	-0.14653024077415466309
38	21	0.094690188765525817871
38	22	0.0084141883999109268188
38	23	-0.048635598272085189819
38	37	0.19723232090473175049
38	38	0.36956399679183959961
38	39	-0.0085894465446472167969
39	37	-0.077136650681495666504
39	38	-0.0085894465446472167969
39	39	0.36949205398559570312
39	54	-0.04730553552508354187
39	55	0.022227223962545394897
39	56	0.015616015531122684479
40	27	0.020466560497879981995
40	28	0.034293964505195617676
40	29	0.055272787809371948242
40	30	-0.035606428980827331543
40	31	0.038608506321907043457
40	32	-0.029926471412181854248
40	40	0.64417666196823120117
40	41	-0.032295003533363342285
40	42	-0.071866154670715332031
40	68	0.21635758876800537109
41	40	-0.032295003533363342285
41	41	0.1666030585765838623
41	42	-0.011134189553558826447
41	68	-0.10315598547458648682
42	40	-0.071866154670715332031
42	41	-0.011134189553558826447
42	42	0.11989656835794448853
42	68	-0.057689782232046127319
43	43	0.17989833652973175049
43	44	0.1383914649486541748
43	45	0.10688456892967224121
43	46	-0.012899471446871757507
43	47	-0.034638252109289169312
43	48	0.0073595363646745681763
43	49	-0.036118052899837493896
43	50	0.032057888805866241455
43	51	0.010319104418158531189
43	52	0.030578115954995155334
44	43	0.1383914649486541748
44	44	0.1791737675666809082
44	45	0.19995610415935516357
44	46	0.017655754461884498596
44	47	0.048279311507940292358
44	48	-0.033023908734321594238
44	49	0.028223246335983276367
44	50	-0.023535298183560371399
44	51	0.0070882602594792842865
44	52	-0.043591398745775222778
45	43	0.10688456892967224121
45	44	0.19995610415935516357
45	45	0.30302774906158447266
45	46	0.048211008310317993164
45	47	0.13119696080684661865
45	48	-0.073407389223575592041
45	49	0.092564605176448822021
45	50	-0.079128541052341461182
45	51	0.0038574140053242444992
45	52	-0.1177609860897064209
46	43	-0.012899471446871757507
46	44	0.017655754461884498596
46	45	0.048211008310317993164
46	46	0.13244546949863433838
46	47	0.15618485212326049805
46	48	0.056738577783107757568
46	49	0.12421737611293792725
46	50	0.086934179067611694336
46	51	0.12067356705665588379
46	52	0.05496667325496673584
47	43	-0.034638252109289169312
47	44	0.048279311507940292358
47	45	0.13119696080684661865
47	46	0.15618485212326049805
47	47	0.25926229357719421387
47	48	-0.027959600090980529785
47	49	0.15819537639617919922
47	50	0.061096854507923126221
47	51	0.15417429804801940918
47	52	-0.029970124363899230957
48	43	0.0073595363646745681763
48	44	-0.033023908734321594238
48	45	-0.073407389223575592041
48	46	0.056738577783107757568
48	47	-0.027959600090980529785
48	48	0.30766320228576660156
48	49	0.12826678156852722168
48	50	0.069908604025840759277
48	51	-0.014789566397666931152
48	52	0.22613501548767089844
49	43	-0.036118052899837493896
49	44	0.028223246335983276367
49	45	0.092564605176448822021
49	46	0.12421737611293792725
49	47	0.15819537639617919922
49	48	0.12826678156852722168
49	49	0.2062228471040725708
49	50	0.018233910202980041504
49	51	0.052211925387382507324
49	52	0.056261312216520309448
50	43	0.032057888805866241455
50	44	-0.023535298183560371399
50	45	-0.079128541052341461182
50	46	0.086934179067611694336
50	47	0.061096854507923126221
50	48	0.069908604025840759277
50	49	0.018233910202980041504
50	50	0.19147177040576934814
50	51	0.15563443303108215332
50	52	0.13860887289047241211
51	43	0.010319104418158531189
51	44	0.0070882602594792842865
51	45	0.0038574140053242444992
51	46	0.12067356705665588379
51	47	0.15417429804801940918
51	48	-0.014789566397666931152
51	49	0.052211925387382507324
51	50	0.15563443303108215332
51	51	0.1991351693868637085
51	52	0.053672064095735549927
52	43	0.030578115954995155334
52	44	-0.043591398745775222778
52	45	-0.1177609860897064209
52	46	0.05496667325496673584
52	47	-0.029970124363899230957
52	48	0.22613501548767089844
52	49	0.056261312216520309448
52	50	0.13860887289047241211
52	51	0.053672064095735549927
52	52	0.23484037816524505615
53	5	0.0097252614796161651611
53	53	0.45075166225433349609
53	54	-0.053844392299652099609
53	55	-0.057029563933610916138
53	56	0.061144165694713592529
53	57	-0.0011658780276775360107
53	64	-0.14161410927772521973
53	66	-0.093642219901084899902
53	67	-0.0091177970170974731445
53	100	0.017859119921922683716
54	39	-0.04730553552508354187
54	53	-0.053844392299652099609
54	54	0.42240566015243530273
54	55	0.14335408806800842285
54	56	0.057576417922973632812
54	57	0.061217337846755981445
55	39	0.022227223962545394897
55	53	-0.057029563933610916138
55	54	0.14335408806800842285
55	55	0.49876603484153747559
55	56	0.38365188241004943848
55	57	0.02793565019965171814
56	39	0.015616015531122684479
56	53	0.061144165694713592529
56	54	0.057576417922973632812
56	55	0.38365188241004943848
56	56	0.50700700283050537109
56	57	0.090877041220664978027
57	35	-0.12002289295196533203
57	36	0.024295940995216369629
57	53	-0.0011658780276775360107
57	54	0.061217337846755981445
57	55	0.02793565019965171814
57	56	0.090877041220664978027
57	57	0.56579440832138061523
57	87	0.085181459784507751465
57	88	0.1627216339111328125
58	24	-0.046271629631519317627
58	25	-0.044472865760326385498
58	26	-0.070860378444194793701
58	58	0.32573303580284118652
58	59	0.056008033454418182373
58	60	-0.057170972228050231934
58	61	-0.10657364875078201294
58	62	0.038204565644264221191
58	101	-0.07108332216739654541
59	24	-0.078421473503112792969
59	25	0.005552422255277633667
59	26	0.17377848923206329346
59	58	0.056008033454418182373
59	59	0.52570778131484985352
59	60	-0.078777387738227844238
59	61	-0.14749351143836975098
59	62	-0.043437413871288299561
59	101	-0.16016091406345367432
60	58	-0.057170972228050231934
60	59	-0.078777387738227844238
60	60	0.11890729516744613647
60	61	0.082297198474407196045
60	62	0.0084689408540725708008
61	58	-0.10657364875078201294
61	59	-0.14749351143836975098
61	60	0.082297198474407196045
61	61	0.1996959000825881958
61	62	-0.027967158704996109009
62	58	0.038204565644264221191
62	59	-0.043437413871288299561
62	60	0.0084689408540725708008
62	61	-0.027967158704996109009
62	62	0.16378854215145111084
63	63	0.19180673360824584961
64	5	-0.00038363039493560791016
64	53	-0.14161410927772521973
64	64	0.61606985330581665039
64	65	0.25837612152099609375
64	66	-0.15620812773704528809
64	67	0.039157815277576446533
64	73	-0.16901546716690063477
64	100	0.11924847960472106934
65	0	-0.064693629741668701172
65	21	-0.044143110513687133789
65	64	0.25837612152099609375
65	65	0.38514924049377441406
65	66	-0.12536260485649108887
65	67	0.03050235845148563385
65	73	-0.14977794885635375977
66	5	0.025038514286279678345
66	53	-0.093642219901084899902
66	64	-0.15620812773704528809
66	65	-0.12536260485649108887
66	66	0.62695717811584472656
66	67	0.28888314962387084961
66	73	-0.039864789694547653198
66	100	-0.059455156326293945312
67	5	-0.011036243289709091187
67	53	-0.0091177970170974731445
67	64	0.039157815277576446533
67	65	0.03050235845148563385
67	66	0.28888314962387084961
67	67	0.35034596920013427734
67	73	-0.090749472379684448242
67	100	-0.041498847305774688721
68	40	0.21635758876800537109
68	41	-0.10315598547458648682
68	42	-0.057689782232046127319
68	68	0.40794989466667175293
69	4	0.097816079854965209961
69	69	0.37659704685211181641
69	70	-0.031374841928482055664
69	71	-0.00049120187759399414062
69	72	-0.10622723400592803955
69	73	0.0034466078504920005798
69	74	-0.0048698261380195617676
69	75	-0.001868419349193572998
69	98	-0.099523119628429412842
69	99	-0.153142586350440979
70	4	0.0080710044130682945251
70	69	-0.031374841928482055664
70	70	0.57605445384979248047
70	71	0.2275390923023223877
70	72	0.094518497586250305176
70	73	-0.21021170914173126221
70	74	0.0067330226302146911621
70	75	0.023949999362230300903
70	98	0.033370554447174072266
70	99	-0.1616675257682800293
71	4	0.0050874389708042144775
71	69	-0.00049120187759399414062
71	70	0.2275390923023223877
71	71	0.33479300141334533691
71	72	0.00096068531274795532227
71	73	-0.065734565258026123047
71	74	0.015991955995559692383
71	75	0.020160637795925140381
71	98	-0.0090218856930732727051
71	99	-0.059451099485158920288
72	15	0.07516047358512878418
72	16	0.051459699869155883789
72	17	-0.1007490009069442749
72	18	-0.13585427403450012207
72	19	-0.1153845563530921936
72	69	-0.10622723400592803955
72	70	0.094518497586250305176
72	71	0.00096068531274795532227
72	72	0.43008735775947570801
72	73	-0.19947384297847747803
72	74	0.14042893052101135254
72	75	0.099011629819869995117
72	97	-0.00028545921668410301208
72	98	0.12285234034061431885
72	99	0.12859560549259185791
73	64	-0.16901546716690063477
73	65	-0.14977794885635375977
73	66	-0.039864789694547653198
73	67	-0.090749472379684448242
73	69	0.0034466078504920005798
73	70	-0.21021170914173126221
73	71	-0.065734565258026123047
73	72	-0.19947384297847747803
73	73	0.56659919023513793945
73	74	-0.0066268341615796089172
73	75	0.10273822396993637085
73	98	0.077724918723106384277
73	99	-0.034479975700378417969
74	69	-0.0048698261380195617676
74	70	0.0067330226302146911621
74	71	0.015991955995559692383
74	72	0.14042893052101135254
74	73	-0.0066268341615796089172
74	74	0.21084825694561004639
74	75	0.20272341370582580566
74	98	0.061164915561676025391
74	99	0.082896783947944641113
75	69	-0.001868419349193572998
75	70	0.023949999362230300903
75	71	0.020160637795925140381
75	72	0.099011629819869995117
75	73	0.10273822396993637085
75	74	0.20272341370582580566
75	75	0.28104087710380554199
75	98	0.1219100654125213623
75	99	0.02973336540162563324
76	13	-0.078970924019813537598
76	14	-0.02311595529317855835
76	76	0.5573279261589050293
76	83	-0.011134578846395015717
76	84	0.013618886470794677734
76	90	0.21529778838157653809
76	91	-0.10154868662357330322
77	12	-0.079412318766117095947
77	27	0.054524235427379608154
77	28	-0.11920823156833648682
77	77	0.54207402467727661133
77	78	0.079513587057590484619
77	79	0.099273771047592163086
77	80	0.072719655930995941162
77	81	-0.13739506900310516357
77	82	-0.19199541211128234863
78	77	0.079513587057590484619
78	78	0.73005861043930053711
78	79	0.17485767602920532227
78	80	0.23139542341232299805
78	81	-0.0062349885702133178711
78	82	-0.015279553830623626709
79	77	0.099273771047592163086
79	78	0.17485767602920532227
79	79	0.55308747291564941406
79	80	0.44182455539703369141
79	81	0.230558052659034729
79	82	0.015950433909893035889
80	77	0.072719655930995941162
80	78	0.23139542341232299805
80	79	0.44182455539703369141
80	80	0.49806553125381469727
80	81	0.21660250425338745117
80	82	0.091080397367477416992
81	77	-0.13739506900310516357
81	78	-0.0062349885702133178711
81	79	0.230558052659034729
81	80	0.21660250425338745117
81	81	0.41682898998260498047
81	82	0.2532380521297454834
82	77	-0.19199541211128234863
82	78	-0.015279553830623626709
82	79	0.015950433909893035889
82	80	0.091080397367477416992
82	81	0.2532380521297454834
82	82	0.3080902099609375
83	76	-0.011134578846395015717
83	83	0.51305818557739257812
83	84	0.38228359818458557129
83	85	-0.031128341332077980042
83	86	0.060632236301898956299
83	91	0.10142974555492401123
84	76	0.013618886470794677734
84	83	0.38228359818458557129
84	84	0.42192676663398742676
84	85	-0.067166462540626525879
84	86	-0.035269774496555328369
84	91	0.084424614906311035156
85	83	-0.031128341332077980042
85	84	-0.067166462540626525879
85	85	0.37419751286506652832
85	86	0.10305441915988922119
86	83	0.060632236301898956299
86	84	-0.035269774496555328369
86	85	0.10305441915988922119
86	86	0.45914924144744873047
87	35	-0.19876277446746826172
87	36	-0.053949177265167236328
87	57	0.085181459784507751465
87	87	0.41820049285888671875
87	88	-0.0092030987143516540527
87	89	-0.01898374408483505249
88	35	-0.080025754868984222412
88	36	-0.048205476254224777222
88	57	0.1627216339111328125
88	87	-0.0092030987143516540527
88	88	0.43413496017456054688
88	89	-0.029400596395134925842
89	87	-0.01898374408483505249
89	88	-0.029400596395134925842
89	89	0.12789107859134674072
90	13	-0.12819331884384155273
90	14	0.022817004472017288208
90	76	0.21529778838157653809
90	90	0.53761506080627441406
90	91	0.19233715534210205078
90	92	0.050802666693925857544
90	93	0.10019405931234359741
90	102	-0.0790807381272315979
90	104	-0.1276690363883972168
90	105	-0.26906153559684753418
90	108	0.048567112535238265991
90	111	-0.050864167511463165283
90	112	0.013392120599746704102
90	113	-0.072390608489513397217
90	114	-0.031490731984376907349
91	76	-0.10154868662357330322
91	83	0.10142974555492401123
91	84	0.084424614906311035156
91	90	0.19233715534210205078
91	91	0.43915209174156188965
91	92	0.072769224643707275391
91	93	0.020762193948030471802
91	102	-0.025728356093168258667
91	104	-0.03887273743748664856
91	105	-0.12277749180793762207
91	108	-0.015416234731674194336
91	111	0.016731493175029754639
91	112	-0.025187887251377105713
91	113	-0.071269594132900238037
91	114	-0.012980632483959197998
92	90	0.050802666693925857544
92	91	0.072769224643707275391
92	92	0.41512501239776611328
92	93	0.025728883221745491028
92	102	0.0033601655159145593643
92	104	0.025248862802982330322
92	105	0.061765290796756744385
92	107	-0.021830230951309204102
92	108	-0.1133737415075302124
92	109	0.13986808061599731445
92	111	0.018329005688428878784
92	112	-0.084311306476593017578
92	113	-0.062396503984928131104
92	114	-0.022284222766757011414
93	90	0.10019405931234359741
93	91	0.020762193948030471802
93	92	0.025728883221745491028
93	93	0.37904378771781921387
93	102	0.05043245851993560791
93	104	0.0079631209373474121094
93	105	-0.099584378302097320557
93	107	0.03308315575122833252
93	108	0.071126542985439300537
93	109	-0.035746112465858459473
93	111	0.022433422505855560303
93	112	0.079409748315811157227
93	113	-0.0038399416953325271606
93	114	-0.011770714074373245239
94	6	0.068605512380599975586
94	7	0.23350384831428527832
94	8	0.063152074813842773438
94	9	0.070807218551635742188
94	10	0.076163947582244873047
94	11	-0.0076335836201906204224
94	94	0.66616791486740112305
95	1	-0.045119725167751312256
95	2	0.039244890213012695312
95	3	-0.09582217782735824585
95	33	0.00087072746828198432922
95	95	0.30955147743225097656
95	96	-0.012541369535028934479
96	95	-0.012541369535028934479
96	96	0.14866471290588378906
97	15	-0.09431552886962890625
97	16	-0.0039337836205959320068
97	17	0.058837801218032836914
97	18	0.032804317772388458252
97	19	-0.02646599896252155304
97	72	-0.00028545921668410301208
97	97	0.45175766944885253906
97	98	0.0861492156982421875
97	99	0.11387200653553009033
97	100	-0.087840929627418518066
97	101	-0.081517152488231658936
98	69	-0.099523119628429412842
98	70	0.033370554447174072266
98	71	-0.0090218856930732727051
98	72	0.12285234034061431885
98	73	0.077724918723106384277
98	74	0.061164915561676025391
98	75	0.1219100654125213623
98	97	0.0861492156982421875
98	98	0.40640789270401000977
98	99	-0.017111154273152351379
98	100	-0.017640765756368637085
98	101	-0.12034757435321807861
99	69	-0.153142586350440979
99	70	-0.1616675257682800293
99	71	-0.059451099485158920288
99	72	0.12859560549259185791
99	73	-0.034479975700378417969
99	74	0.082896783947944641113
99	75	0.02973336540162563324
99	97	0.11387200653553009033
99	98	-0.017111154273152351379
99	99	0.57954031229019165039
99	100	0.06658528745174407959
99	101	-0.12385442107915878296
100	5	0.18939056992530822754
100	53	0.017859119921922683716
100	64	0.11924847960472106934
100	66	-0.059455156326293945312
100	67	-0.041498847305774688721
100	97	-0.087840929627418518066
100	98	-0.017640765756368637085
100	99	0.06658528745174407959
100	100	0.69143605232238769531
100	101	-0.12227030098438262939
101	24	-0.018695462495088577271
101	25	0.00038355961441993713379
101	26	-0.0083491355180740356445
101	58	-0.07108332216739654541
101	59	-0.16016091406345367432
101	97	-0.081517152488231658936
101	98	-0.12034757435321807861
101	99	-0.12385442107915878296
101	100	-0.12227030098438262939
101	101	0.43704497814178466797
102	90	-0.0790807381272315979
102	91	-0.025728356093168258667
102	92	0.0033601655159145593643
102	93	0.05043245851993560791
102	102	0.34826672077178955078
102	103	0.03291842341423034668
102	104	0.32886323332786560059
102	105	0.07261250913143157959
102	106	0.0023763701319694519043
102	107	0.11282086372375488281
102	108	0.066776931285858154297
102	109	0.15964803099632263184
102	110	-0.031246563419699668884
102	111	0.082927882671356201172
102	112	-0.07457637786865234375
102	113	-0.16180899739265441895
102	114	-0.1373802870512008667
103	102	0.03291842341423034668
103	103	0.26706242561340332031
103	104	0.03684302791953086853
103	105	0.037988543510437011719
103	106	0.24184578657150268555
103	107	0.062136281281709671021
103	108	0.038532115519046783447
103	109	0.06249525025486946106
103	110	0.19387364387512207031
103	111	0.016306120902299880981
103	112	0.055440418422222137451
103	113	0.050352957099676132202
103	114	0.0095012085512280464172
104	90	-0.1276690363883972168
104	91	-0.03887273743748664856
104	92	0.025248862802982330322
104	93	0.0079631209373474121094
104	102	0.32886323332786560059
104	103	0.03684302791953086853
104	104	0.40926560759544372559
104	105	0.088699236512184143066
104	106	0.011032335460186004639
104	107	0.057269517332315444946
104	108	-0.016503911465406417847
104	109	0.11649170517921447754
104	110	0.029532521963119506836
104	111	0.091568745672702789307
104	112	-0.15779446065425872803
104	113	-0.22966313362121582031
104	114	-0.20882272720336914062
105	90	-0.26906153559684753418
105	91	-0.12277749180793762207
105	92	0.061765290796756744385
105	93	-0.099584378302097320557
105	102	0.07261250913143157959
105	103	0.037988543510437011719
105	104	0.088699236512184143066
105	105	0.59350836277008056641
105	106	0.019204396754503250122
105	107	0.0048832516185939311981
105	108	-0.17932324111461639404
105	109	0.0088208764791488647461
105	110	-0.13080671429634094238
105	111	0.16020530462265014648
105	112	0.039252683520317077637
105	113	0.22412483394145965576
105	114	0.21659928560256958008
106	102	0.0023763701319694519043
106	103	0.24184578657150268555
106	104	0.011032335460186004639
106	105	0.019204396754503250122
106	106	0.38916611671447753906
106	107	0.068260081112384796143
106	108	0.036644451320171356201
106	109	0.080672815442085266113
106	110	0.36652964353561401367
106	111	0.04498310387134552002
106	112	0.095318123698234558105
106	113	0.08043263852596282959
106	114	0.038879960775375366211
107	92	-0.021830230951309204102
107	93	0.03308315575122833252
107	102	0.11282086372375488281
107	103	0.062136281281709671021
107	104	0.057269517332315444946
107	105	0.0048832516185939311981
107	106	0.068260081112384796143
107	107	0.40166342258453369141
107	108	0.031014069914817810059
107	109	0.25143259763717651367
107	110	-0.0085739195346832275391
107	111	0.0627155303955078125
107	112	0.033896092325448989868
107	113	-0.02481209486722946167
107	114	0.011041222140192985535
108	90	0.048567112535238265991
108	91	-0.015416234731674194336
108	92	-0.1133737415075302124
108	93	0.071126542985439300537
108	102	0.066776931285858154297
108	103	0.038532115519046783447
108	104	-0.016503911465406417847
108	105	-0.17932324111461639404
108	106	0.036644451320171356201
108	107	0.031014069914817810059
108	108	0.463474273681640625
108	109	-0.042943991720676422119
108	110	0.065529592335224151611
108	111	-0.23014985024929046631
108	112	0.13489024341106414795
108	113	0.11848249286413192749
108	114	-0.045324735343456268311
109	92	0.13986808061599731445
109	93	-0.035746112465858459473
109	102	0.15964803099632263184
109	103	0.06249525025486946106
109	104	0.11649170517921447754
109	105	0.0088208764791488647461
109	106	0.080672815442085266113
109	107	0.25143259763717651367
109	108	-0.042943991720676422119
109	109	0.43673920631408691406
109	110	0.014367032796144485474
109	111	0.17730726301670074463
109	112	0.036708876490592956543
109	113	-0.072433412075042724609
109	114	0.01608788222074508667
110	102	-0.031246563419699668884
110	103	0.19387364387512207031
110	104	0.029532521963119506836
110	105	-0.13080671429634094238
110	106	0.36652964353561401367
110	107	-0.0085739195346832275391
110	108	0.065529592335224151611
110	109	0.014367032796144485474
110	110	0.64747583866119384766
110	111	0.042267143726348876953
110	112	0.06323483586311340332
110	113	0.010967601090669631958
110	114	-0.02452673204243183136
111	90	-0.050864167511463165283
111	91	0.016731493175029754639
111	92	0.018329005688428878784
111	93	0.022433422505855560303
111	102	0.082927882671356201172
111	103	0.016306120902299880981
111	104	0.091568745672702789307
111	105	0.16020530462265014648
111	106	0.04498310387134552002
111	107	0.0627155303955078125
111	108	-0.23014985024929046631
111	109	0.17730726301670074463
111	110	0.042267143726348876953
111	111	0.53334307670593261719
111	112	0.15065968036651611328
111	113	0.048719801008701324463
111	114	0.2691510319709777832
112	90	0.013392120599746704102
112	91	-0.025187887251377105713
112	92	-0.084311306476593017578
112	93	0.079409748315811157227
112	102	-0.07457637786865234375
112	103	0.055440418422222137451
112	104	-0.15779446065425872803
112	105	0.039252683520317077637
112	106	0.095318123698234558105
112	107	0.033896092325448989868
112	108	0.13489024341106414795
112	109	0.036708876490592956543
112	110	0.06323483586311340332
112	111	0.15065968036651611328
112	112	0.32370325922966003418
112	113	0.30078828334808349609
112	114	0.2866446077823638916
113	90	-0.072390608489513397217
113	91	-0.071269594132900238037
113	92	-0.062396503984928131104
113	93	-0.0038399416953325271606
113	102	-0.16180899739265441895
113	103	0.050352957099676132202
113	104	-0.22966313362121582031
113	105	0.22412483394145965576
113	106	0.08043263852596282959
113	107	-0.02481209486722946167
113	108	0.11848249286413192749
113	109	-0.072433412075042724609
113	110	0.010967601090669631958
113	111	0.048719801008701324463
113	112	0.30078828334808349609
113	113	0.43886578083038330078
113	114	0.34416985511779785156
114	90	-0.031490731984376907349
114	91	-0.012980632483959197998
114	92	-0.022284222766757011414
114	93	-0.011770714074373245239
114	102	-0.1373802870512008667
114	103	0.0095012085512280464172
114	104	-0.20882272720336914062
114	105	0.21659928560256958008
114	106	0.038879960775375366211
114	107	0.011041222140192985535
114	108	-0.045324735343456268311
114	109	0.01608788222074508667
114	110	-0.02452673204243183136
114	111	0.2691510319709777832
114	112	0.2866446077823638916
114	113	0.34416985511779785156
114	114	0.42725580930709838867
115	115	0.21655546128749847412
115	116	0.069205105304718017578
115	117	-0.0039401426911354064941
116	115	0.069205105304718017578
116	116	0.12269582599401473999
116	117	0.13383999466896057129
117	115	-0.0039401426911354064941
117	116	0.13383999466896057129
117	117	0.25927442312240600586
118	118	0.20320321619510650635
118	119	0.20960649847984313965
118	120	-0.094276629388332366943
118	121	-0.090809017419815063477
118	122	-0.011657003313302993774
118	123	-0.02886962890625
118	124	-0.00942533835768699646
118	125	-0.038574695587158203125
119	118	0.20960649847984313965
119	119	0.24176715314388275146
119	120	-0.11668021976947784424
119	121	-0.10316449403762817383
119	122	-0.0052712149918079376221
119	123	-0.013242617249488830566
119	124	0.010367911309003829956
119	125	-0.031791429966688156128
120	118	-0.094276629388332366943
120	119	-0.11668021976947784424
120	120	0.26292890310287475586
120	121	0.2796910405158996582
120	122	-0.051909878849983215332
120	123	-0.1057079508900642395
120	124	-0.055993087589740753174
120	125	-0.074625827372074127197
121	118	-0.090809017419815063477
121	119	-0.10316449403762817383
121	120	0.2796910405158996582
121	121	0.40893411636352539062
121	122	-0.14308837056159973145
121	123	-0.11715847253799438477
121	124	0.080211140215396881104
121	125	-0.11812807619571685791
122	118	-0.011657003313302993774
122	119	-0.0052712149918079376221
122	120	-0.051909878849983215332
122	121	-0.14308837056159973145
122	122	0.53302216529846191406
122	123	0.093871891498565673828
122	124	-0.291393280029296875
122	125	0.19354853034019470215
123	118	-0.02886962890625
123	119	-0.013242617249488830566
123	120	-0.1057079508900642395
123	121	-0.11715847253799438477
123	122	0.093871891498565673828
123	123	0.31966024637222290039
123	124	0.23089338839054107666
123	125	0.16009734570980072021
124	118	-0.00942533835768699646
124	119	0.010367911309003829956
124	120	-0.055993087589740753174
124	121	0.080211140215396881104
124	122	-0.291393280029296875
124	123	0.23089338839054107666
124	124	0.70550125837326049805
124	125	0.14111666381359100342
125	118	-0.038574695587158203125
125	119	-0.031791429966688156128
125	120	-0.074625827372074127197
125	121	-0.11812807619571685791
125	122	0.19354853034019470215
125	123	0.16009734570980072021
125	124	0.14111666381359100342
125	125	0.37220814824104309082
126	126	0.53055101633071899414
126	127	0.23763456940650939941
126	128	0.38084420561790466309
126	129	0.26192504167556762695
126	130	0.21671149134635925293
126	131	0.34647104144096374512
126	132	0.31697505712509155273
127	126	0.23763456940650939941
127	127	0.38145217299461364746
127	128	0.3484763801097869873
127	129	-0.06153202056884765625
127	130	0.10460525751113891602
127	131	0.10289971530437469482
127	132	0.17215886712074279785
128	126	0.38084420561790466309
128	127	0.3484763801097869873
128	128	0.43359720706939697266
128	129	0.039937835186719894409
128	130	0.1403404921293258667
128	131	0.2008116990327835083
128	132	0.27042129635810852051
129	126	0.26192504167556762695
129	127	-0.06153202056884765625
129	128	0.039937835186719894409
129	129	0.49925768375396728516
129	130	0.082850039005279541016
129	131	0.22218963503837585449
129	132	0.22304591536521911621
130	126	0.21671149134635925293
130	127	0.10460525751113891602
130	128	0.1403404921293258667
130	129	0.082850039005279541016
130	130	0.29417601227760314941
130	131	0.27203676104545593262
130	132	0.17327404022216796875
131	126	0.34647104144096374512
131	127	0.10289971530437469482
131	128	0.2008116990327835083
131	129	0.22218963503837585449
131	130	0.27203676104545593262
131	131	0.37573364377021789551
131	132	0.29736435413360595703
132	126	0.31697505712509155273
132	127	0.17215886712074279785
132	128	0.27042129635810852051
132	129	0.22304591536521911621
132	130	0.17327404022216796875
132	131	0.29736435413360595703
132	132	0.39060759544372558594
q	0	0.06323643028736114502
q	1	0.52626836299896240234
q	2	-0.42792883515357971191
q	3	0.16829350590705871582
q	4	-1.4607512950897216797
q	5	0.20996376872062683105
q	6	-0.71360301971435546875
q	7	-0.53781396150588989258
q	8	-0.3637638390064239502
q	9	-0.5740363001823425293
q	10	-1.2921090126037597656
q	11	-1.3926196098327636719
q	12	-0.083374805748462677002
q	13	-0.12280181795358657837
q	14	-0.014336526393890380859
q	15	0.53802543878555297852
q	16	-0.40291699767112731934
